0.000000	12.723627
0.003255	4.952882
0.006510	4.402105
0.009766	5.317644
0.013021	4.814211
0.016276	4.555943
0.019531	4.426822
0.022786	4.570675
0.026042	4.048149
0.029297	5.627380
0.032552	5.397300
0.035807	5.772706
0.039062	4.634239
0.042318	5.587243
0.045573	4.628359
0.048828	5.777220
0.052083	5.685818
0.055339	6.907801
0.058594	6.048937
0.061849	6.478084
0.065104	6.741463
0.068359	7.087639
0.071615	6.502852
0.074870	8.226279
0.078125	7.895640
0.081380	7.709777
0.084635	8.888848
0.087891	8.395489
0.091146	7.723379
0.094401	9.786700
0.097656	11.032861
0.100911	9.910111
0.104167	10.492699
0.107422	11.301083
0.110677	11.354548
0.113932	13.303443
0.117188	10.966444
0.120443	11.874263
0.123698	11.424786
0.126953	11.316008
0.130208	11.423732
0.133464	12.173705
0.136719	10.717251
0.139974	9.969261
0.143229	9.094425
0.146484	9.360333
0.149740	8.556718
0.152995	7.896796
0.156250	8.068696
0.159505	7.901353
0.162760	6.272112
0.166016	6.209031
0.169271	6.123325
0.172526	5.142242
0.175781	4.294377
0.179036	4.498053
0.182292	3.885941
0.185547	3.491492
0.188802	2.739058
0.192057	2.842439
0.195312	2.996353
0.198568	2.923317
0.201823	2.554756
0.205078	2.456386
0.208333	2.304154
0.211589	2.074981
0.214844	2.014477
0.218099	2.001314
0.221354	1.798728
0.224609	1.731245
0.227865	1.551387
0.231120	1.505724
0.234375	1.139903
0.237630	1.357448
0.240885	1.109079
0.244141	1.117077
0.247396	1.082463
0.250651	0.984337
0.253906	0.777094
0.257161	0.847319
0.260417	0.892146
0.263672	0.794981
0.266927	0.798844
0.270182	0.720392
0.273438	0.702965
0.276693	0.722712
0.279948	0.648694
0.283203	0.602779
0.286458	0.641221
0.289714	0.516303
0.292969	0.630761
0.296224	0.505470
0.299479	0.549472
0.302734	0.469175
0.305990	0.480334
0.309245	0.440712
0.312500	0.430581
0.315755	0.355654
0.319010	0.432673
0.322266	0.403117
0.325521	0.409193
0.328776	0.346730
0.332031	0.364430
0.335286	0.310660
0.338542	0.324199
0.341797	0.304257
0.345052	0.278473
0.348307	0.296961
0.351562	0.283172
0.354818	0.304915
0.358073	0.304255
0.361328	0.241250
0.364583	0.263394
0.367839	0.238869
0.371094	0.224606
0.374349	0.191651
0.377604	0.231687
0.380859	0.209926
0.384115	0.207724
0.387370	0.204870
0.390625	0.192531
0.393880	0.181108
0.397135	0.169654
0.400391	0.190272
0.403646	0.193390
0.406901	0.170476
0.410156	0.174022
0.413411	0.157647
0.416667	0.164138
0.419922	0.167832
0.423177	0.141994
0.426432	0.145515
0.429688	0.155595
0.432943	0.127234
0.436198	0.158283
0.439453	0.127464
0.442708	0.123013
0.445964	0.129688
0.449219	0.136197
0.452474	0.135860
0.455729	0.143796
0.458984	0.117514
0.462240	0.109964
0.465495	0.124070
0.468750	0.110551
0.472005	0.115895
0.475260	0.129874
0.478516	0.100730
0.481771	0.105527
0.485026	0.118170
0.488281	0.099858
0.491536	0.105442
0.494792	0.093818
0.498047	0.093623
0.501302	0.102276
0.504557	0.103436
0.507812	0.097148
0.511068	0.088455
0.514323	0.093403
0.517578	0.097938
0.520833	0.094696
0.524089	0.086476
0.527344	0.077887
0.530599	0.088190
0.533854	0.077614
0.537109	0.080078
0.540365	0.077416
0.543620	0.076026
0.546875	0.079428
0.550130	0.072557
0.553385	0.079031
0.556641	0.068638
0.559896	0.065020
0.563151	0.067940
0.566406	0.068640
0.569661	0.063923
0.572917	0.065371
0.576172	0.071572
0.579427	0.074411
0.582682	0.070947
0.585938	0.063651
0.589193	0.068096
0.592448	0.054229
0.595703	0.058843
0.598958	0.062368
0.602214	0.060799
0.605469	0.058365
0.608724	0.054984
0.611979	0.056387
0.615234	0.059175
0.618490	0.053005
0.621745	0.054962
0.625000	0.052275
0.628255	0.059059
0.631510	0.052422
0.634766	0.050049
0.638021	0.050967
0.641276	0.048301
0.644531	0.054481
0.647786	0.044145
0.651042	0.044912
0.654297	0.044670
0.657552	0.041909
0.660807	0.045284
0.664062	0.047280
0.667318	0.047494
0.670573	0.049134
0.673828	0.050480
0.677083	0.046683
0.680339	0.045760
0.683594	0.046079
0.686849	0.041866
0.690104	0.041866
0.693359	0.043286
0.696615	0.047131
0.699870	0.045993
0.703125	0.047251
0.706380	0.040894
0.709635	0.039640
0.712891	0.040149
0.716146	0.039602
0.719401	0.038559
0.722656	0.040232
0.725911	0.041913
0.729167	0.040446
0.732422	0.039483
0.735677	0.036237
0.738932	0.036817
0.742188	0.043414
0.745443	0.036455
0.748698	0.034465
0.751953	0.037656
0.755208	0.034702
0.758464	0.035146
0.761719	0.032496
0.764974	0.034005
0.768229	0.029684
0.771484	0.036918
0.774740	0.034392
0.777995	0.030729
0.781250	0.037769
0.784505	0.037529
0.787760	0.033011
0.791016	0.035492
0.794271	0.034373
0.797526	0.033929
0.800781	0.035402
0.804036	0.029950
0.807292	0.028260
0.810547	0.029958
0.813802	0.033929
0.817057	0.031551
0.820312	0.030554
0.823568	0.032266
0.826823	0.031497
0.830078	0.029860
0.833333	0.028175
0.836589	0.032294
0.839844	0.030275
0.843099	0.031255
0.846354	0.030644
0.849609	0.028492
0.852865	0.027830
0.856120	0.026845
0.859375	0.030184
0.862630	0.030959
0.865885	0.026101
0.869141	0.028572
0.872396	0.033439
0.875651	0.031228
0.878906	0.025607
0.882161	0.028583
0.885417	0.027734
0.888672	0.026381
0.891927	0.029822
0.895182	0.025880
0.898438	0.027187
0.901693	0.027446
0.904948	0.024808
0.908203	0.027495
0.911458	0.028122
0.914714	0.028149
0.917969	0.027789
0.921224	0.026603
0.924479	0.025785
0.927734	0.024102
0.930990	0.025647
0.934245	0.027544
0.937500	0.023094
0.940755	0.025003
0.944010	0.030016
0.947266	0.025181
0.950521	0.024927
0.953776	0.025462
0.957031	0.024993
0.960286	0.025106
0.963542	0.024735
0.966797	0.023977
0.970052	0.022324
0.973307	0.026240
0.976562	0.021489
0.979818	0.024990
0.983073	0.021969
0.986328	0.023727
0.989583	0.021044
0.992839	0.023430
0.996094	0.023554
0.999349	0.026314
1.002604	0.023784
1.005859	0.021335
1.009115	0.021486
1.012370	0.022124
1.015625	0.023080
1.018880	0.023117
1.022135	0.021228
1.025391	0.021233
1.028646	0.024850
1.031901	0.023877
1.035156	0.022848
1.038411	0.020812
1.041667	0.024911
1.044922	0.022599
1.048177	0.019111
1.051432	0.020093
1.054688	0.020619
1.057943	0.021569
1.061198	0.017730
1.064453	0.020743
1.067708	0.021430
1.070964	0.019912
1.074219	0.017592
1.077474	0.018214
1.080729	0.019258
1.083984	0.019566
1.087240	0.021185
1.090495	0.018216
1.093750	0.020266
1.097005	0.021892
1.100260	0.019513
1.103516	0.021029
1.106771	0.018185
1.110026	0.021385
1.113281	0.020410
1.116536	0.020057
1.119792	0.018059
1.123047	0.021139
1.126302	0.018950
1.129557	0.022298
1.132812	0.018673
1.136068	0.016425
1.139323	0.020198
1.142578	0.020473
1.145833	0.019433
1.149089	0.021584
1.152344	0.018910
1.155599	0.018702
1.158854	0.018735
1.162109	0.018035
1.165365	0.018676
1.168620	0.020270
1.171875	0.018648
1.175130	0.018542
1.178385	0.018656
1.181641	0.018222
1.184896	0.018076
1.188151	0.018185
1.191406	0.018637
1.194661	0.020853
1.197917	0.018302
1.201172	0.018734
1.204427	0.015910
1.207682	0.018960
1.210938	0.017703
1.214193	0.018963
1.217448	0.018907
1.220703	0.016179
1.223958	0.017230
1.227214	0.018038
1.230469	0.017338
1.233724	0.015752
1.236979	0.018852
1.240234	0.017169
1.243490	0.018575
1.246745	0.018179
1.250000	0.017883
1.253255	0.017579
1.256510	0.015076
1.259766	0.017094
1.263021	0.017022
1.266276	0.017560
1.269531	0.016221
1.272786	0.018101
1.276042	0.016467
1.279297	0.017625
1.282552	0.017000
1.285807	0.016492
1.289062	0.019038
1.292318	0.016004
1.295573	0.017783
1.298828	0.017168
1.302083	0.018287
1.305339	0.016411
1.308594	0.016502
1.311849	0.016038
1.315104	0.017102
1.318359	0.015269
1.321615	0.017590
1.324870	0.016866
1.328125	0.017907
1.331380	0.016776
1.334635	0.015782
1.337891	0.015134
1.341146	0.015783
1.344401	0.014449
1.347656	0.017288
1.350911	0.016204
1.354167	0.016823
1.357422	0.015998
1.360677	0.017747
1.363932	0.016622
1.367188	0.015523
1.370443	0.015721
1.373698	0.016049
1.376953	0.016203
1.380208	0.016647
1.383464	0.015057
1.386719	0.015311
1.389974	0.015155
1.393229	0.016276
1.396484	0.016867
1.399740	0.016447
1.402995	0.015706
1.406250	0.014939
1.409505	0.015197
1.412760	0.017838
1.416016	0.014211
1.419271	0.015370
1.422526	0.013131
1.425781	0.014734
1.429036	0.016980
1.432292	0.015970
1.435547	0.016806
1.438802	0.014950
1.442057	0.016418
1.445312	0.015189
1.448568	0.013925
1.451823	0.016762
1.455078	0.016334
1.458333	0.014700
1.461589	0.015500
1.464844	0.015759
1.468099	0.014977
1.471354	0.013861
1.474609	0.018480
1.477865	0.015367
1.481120	0.014580
1.484375	0.016816
1.487630	0.015211
1.490885	0.016112
1.494141	0.015790
1.497396	0.014494
1.500651	0.014822
1.503906	0.015872
1.507161	0.015446
1.510417	0.015817
1.513672	0.014538
1.516927	0.016191
1.520182	0.013802
1.523438	0.015534
1.526693	0.014907
1.529948	0.015167
1.533203	0.013530
1.536458	0.015452
1.539714	0.015837
1.542969	0.015784
1.546224	0.012719
1.549479	0.015800
1.552734	0.016963
1.555990	0.014482
1.559245	0.014005
1.562500	0.017077
1.565755	0.013255
1.569010	0.015068
1.572266	0.014756
1.575521	0.015335
1.578776	0.016277
1.582031	0.016032
1.585286	0.015381
1.588542	0.015571
1.591797	0.013715
1.595052	0.014491
1.598307	0.015009
1.601562	0.013947
1.604818	0.013773
1.608073	0.014651
1.611328	0.015598
1.614583	0.013665
1.617839	0.016116
1.621094	0.015143
1.624349	0.015558
1.627604	0.014949
1.630859	0.014467
1.634115	0.015594
1.637370	0.015480
1.640625	0.014731
1.643880	0.014634
1.647135	0.013751
1.650391	0.016561
1.653646	0.015216
1.656901	0.016153
1.660156	0.015348
1.663411	0.013740
