0.000000	0.000153
0.203683	0.000531
0.407366	0.009214
0.611049	0.008132
0.814732	0.002299
1.018415	0.005269
1.222098	0.001951
1.425781	0.002286
1.629464	0.000991
1.833147	0.001161
2.036830	0.000483
2.240514	0.000443
2.444196	0.000421
2.647880	0.000283
2.851563	0.000270
3.055246	0.000361
3.258929	0.000109
3.462612	0.000236
3.666295	0.000156
3.869978	0.000072
4.073661	0.000142
4.277344	0.000037
4.481027	0.000096
4.684710	0.000050
4.888393	0.000053
5.092076	0.000056
5.295759	0.000031
5.499442	0.000045
5.703125	0.000035
5.906808	0.000042
6.110491	0.000024
6.314174	0.000026
6.517858	0.000032
6.721540	0.000012
6.925223	0.000032
7.128907	0.000016
7.332590	0.000018
7.536273	0.000023
7.739956	0.000012
7.943639	0.000018
8.147322	0.000013
8.351005	0.000016
8.554688	0.000013
8.758371	0.000010
8.962054	0.000019
9.165737	0.000008
9.369420	0.000012
9.573103	0.000016
9.776786	0.000010
9.980469	0.000014
10.184153	0.000015
10.387836	0.000007
10.591518	0.000006
10.795201	0.000012
10.998884	0.000016
11.202567	0.000006
11.406251	0.000011
11.609934	0.000007
11.813617	0.000004
12.017300	0.000009
12.220983	0.000007
12.424665	0.000006
12.628348	0.000009
12.832032	0.000009
13.035715	0.000011
13.239398	0.000010
13.443081	0.000015
13.646764	0.000007
13.850447	0.000013
14.054131	0.000008
14.257813	0.000008
14.461496	0.000011
14.665179	0.000005
14.868862	0.000008
15.072545	0.000006
15.276228	0.000009
15.479912	0.000007
15.683595	0.000006
15.887278	0.000005
16.090961	0.000005
16.294643	0.000004
16.498327	0.000002
16.702009	0.000004
16.905693	0.000004
17.109375	0.000002
17.313059	0.000002
17.516743	0.000002
17.720425	0.000001
17.924109	0.000005
18.127790	0.000004
18.331474	0.000003
18.535156	0.000004
18.738840	0.000005
18.942524	0.000004
19.146206	0.000006
19.349890	0.000008
19.553572	0.000006
19.757256	0.000007
19.960938	0.000011
20.164621	0.000007
20.368305	0.000008
20.571987	0.000010
20.775671	0.000007
20.979353	0.000005
21.183037	0.000011
21.386721	0.000006
21.590403	0.000013
21.794086	0.000008
21.997768	0.000010
22.201452	0.000011
22.405134	0.000007
22.608818	0.000008
22.812502	0.000005
23.016184	0.000008
23.219868	0.000005
23.423550	0.000008
23.627234	0.000016
23.830915	0.000009
24.034599	0.000013
24.238283	0.000013
24.441965	0.000009
24.645649	0.000016
24.849331	0.000017
25.053015	0.000011
25.256697	0.000011
25.460381	0.000008
25.664064	0.000008
25.867746	0.000013
