0.000000	 0.000000
0.253213	 0.000234
0.506427	 0.001719
0.759640	 0.008284
1.012853	 0.014575
1.266066	 0.018485
1.519280	 0.013623
1.772493	 0.002634
2.025706	 0.007302
2.278919	 0.041136
2.532133	 0.094456
2.785346	 0.123476
3.038559	 0.094374
3.291772	 0.038874
3.544985	 0.003383
3.798198	 0.012696
4.051412	 0.040387
4.304625	 0.048063
4.557838	 0.030592
4.811052	 0.012246
5.064265	 0.017942
5.317479	 0.037071
5.570692	 0.047677
5.823905	 0.038748
6.077119	 0.019764
6.330332	 0.006782
6.583546	 0.001740
6.836759	 0.000562
7.089972	 0.001322
7.343186	 0.004228
7.596399	 0.008179
7.849613	 0.010112
8.102826	 0.008328
8.356039	 0.004773
8.609252	 0.001500
8.862465	 0.000097
9.115678	 0.001478
9.368891	 0.005262
9.622104	 0.009325
9.875317	 0.011178
10.128530	 0.009654
10.381742	 0.005484
10.634955	 0.001512
10.888168	 0.000402
11.141381	 0.002793
11.394594	 0.006269
11.647807	 0.007140
11.901020	 0.004703
12.154233	 0.002018
12.407446	 0.002020
12.660659	 0.004274
12.913872	 0.005696
13.167085	 0.004351
13.420298	 0.001893
13.673511	 0.000593
13.926723	 0.000765
14.179936	 0.001219
14.433149	 0.001053
14.686362	 0.000523
14.939575	 0.000225
15.192788	 0.000286
15.446001	 0.000443
15.699214	 0.000474
15.952427	 0.000413
16.205641	 0.000453
16.458855	 0.000671
16.712069	 0.000800
16.965282	 0.000572
17.218496	 0.000147
17.471710	 0.000039
17.724924	 0.000503
17.978138	 0.001118
18.231352	 0.001296
18.484566	 0.000931
18.737780	 0.000423
18.990993	 0.000143
19.244207	 0.000059
19.497421	 0.000012
19.750635	 0.000022
20.003849	 0.000226
20.257063	 0.000619
20.510277	 0.000957
20.763491	 0.000944
21.016705	 0.000589
21.269918	 0.000248
21.523132	 0.000295
21.776346	 0.000681
22.029560	 0.000895
22.282774	 0.000619
22.535988	 0.000224
22.789202	 0.000379
23.042416	 0.001229
23.295630	 0.002082
23.548843	 0.002161
23.802057	 0.001419
24.055271	 0.000488
24.308485	 0.000058
24.561699	 0.000189
24.814913	 0.000428
25.068127	 0.000422
25.321341	 0.000253
25.574554	 0.000191
25.827768	 0.000229
26.080982	 0.000157
26.334196	 0.000016
26.587410	 0.000224
26.840624	 0.001009
27.093838	 0.001861
27.347052	 0.001967
27.600266	 0.001168
27.853479	 0.000266
28.106693	 0.000116
28.359907	 0.000676
28.613121	 0.001210
28.866335	 0.001199
29.119549	 0.000827
29.372763	 0.000494
29.625977	 0.000318
29.879190	 0.000209
30.132404	 0.000133
30.385618	 0.000184
30.638832	 0.000401
30.892046	 0.000669
31.145260	 0.000800
31.398474	 0.000667
31.651688	 0.000319
31.904902	 0.000039
32.158115	 0.000091
32.411327	 0.000388
32.664539	 0.000562
32.917751	 0.000399
33.170963	 0.000119
33.424175	 0.000019
33.677387	 0.000101
33.930599	 0.000165
34.183811	 0.000159
34.437023	 0.000181
34.690235	 0.000221
34.943447	 0.000170
35.196659	 0.000067
35.449871	 0.000096
35.703083	 0.000259
35.956295	 0.000326
36.209507	 0.000195
36.462719	 0.000075
36.715931	 0.000145
36.969143	 0.000248
37.222355	 0.000170
37.475567	 0.000063
37.728779	 0.000319
37.981991	 0.001007
38.235203	 0.001677
38.488415	 0.001823
38.741627	 0.001338
38.994839	 0.000591
39.248051	 0.000084
39.501263	 0.000042
39.754475	 0.000323
40.007687	 0.000565
40.260899	 0.000515
40.514111	 0.000250
40.767323	 0.000038
41.020535	 0.000010
41.273746	 0.000059
41.526958	 0.000055
41.780170	 0.000019
42.033382	 0.000037
42.286594	 0.000104
42.539806	 0.000150
42.793018	 0.000159
43.046230	 0.000159
43.299442	 0.000161
43.552654	 0.000142
43.805866	 0.000106
44.059078	 0.000077
44.312290	 0.000053
44.565502	 0.000027
44.818714	 0.000015
45.071926	 0.000034
45.325138	 0.000060
45.578350	 0.000069
45.831562	 0.000086
46.084774	 0.000144
46.337986	 0.000210
46.591198	 0.000216
46.844410	 0.000160
47.097622	 0.000104
47.350834	 0.000079
47.604046	 0.000059
47.857258	 0.000030
48.110470	 0.000020
48.363682	 0.000041
48.616894	 0.000059
48.870106	 0.000058
49.123318	 0.000083
49.376530	 0.000167
49.629742	 0.000256
49.882954	 0.000265
50.136166	 0.000181
50.389378	 0.000085
50.642590	 0.000068
50.895802	 0.000157
51.149014	 0.000313
51.402225	 0.000452
51.655437	 0.000485
51.908649	 0.000376
52.161861	 0.000192
52.415073	 0.000055
52.668285	 0.000023
52.921497	 0.000043
53.174709	 0.000035
53.427921	 0.000013
53.681133	 0.000062
53.934345	 0.000215
54.187557	 0.000378
54.440769	 0.000425
54.693981	 0.000328
54.947193	 0.000180
55.200405	 0.000086
55.453617	 0.000064
55.706829	 0.000061
55.960041	 0.000044
56.213253	 0.000020
56.466465	 0.000009
56.719677	 0.000012
56.972889	 0.000017
57.226101	 0.000016
57.479313	 0.000007
57.732525	 0.000013
57.985737	 0.000085
58.238949	 0.000243
58.492161	 0.000406
58.745373	 0.000430
58.998585	 0.000269
59.251797	 0.000067
59.505009	 0.000009
59.758221	 0.000110
60.011433	 0.000214
60.264645	 0.000194
60.517857	 0.000090
60.771069	 0.000032
61.024281	 0.000063
61.277493	 0.000116
61.530704	 0.000117
61.783916	 0.000067
62.037128	 0.000017
62.290340	 0.000004
62.543552	 0.000022
62.796764	 0.000040
63.049976	 0.000037
63.303188	 0.000026
63.556400	 0.000029
63.809612	 0.000043
64.062828	 0.000047
64.316040	 0.000045
64.569252	 0.000076
64.822464	 0.000146
65.075676	 0.000186
65.328888	 0.000134
65.582100	 0.000035
65.835312	 0.000009
66.088524	 0.000107
66.341736	 0.000236
66.594948	 0.000265
66.848160	 0.000169
67.101372	 0.000049
67.354584	 0.000001
67.607796	 0.000031
67.861008	 0.000084
68.114220	 0.000114
68.367432	 0.000113
68.620644	 0.000086
68.873856	 0.000042
69.127068	 0.000008
69.380280	 0.000041
69.633492	 0.000174
69.886703	 0.000349
70.139915	 0.000441
70.393127	 0.000369
70.646339	 0.000195
70.899551	 0.000048
71.152763	 0.000001
71.405975	 0.000017
71.659187	 0.000038
71.912399	 0.000043
72.165611	 0.000042
72.418823	 0.000030
72.672035	 0.000010
72.925247	 0.000010
73.178459	 0.000043
73.431671	 0.000079
73.684883	 0.000081
73.938095	 0.000061
74.191307	 0.000057
74.444519	 0.000071
74.697731	 0.000070
74.950943	 0.000041
75.204155	 0.000010
75.457367	 0.000000
75.710579	 0.000002
75.963791	 0.000003
76.217003	 0.000006
76.470215	 0.000021
76.723427	 0.000046
76.976639	 0.000079
77.229851	 0.000116
77.483063	 0.000138
77.736275	 0.000120
77.989487	 0.000068
78.242699	 0.000019
78.495911	 0.000002
78.749123	 0.000007
79.002335	 0.000015
79.255547	 0.000018
79.508759	 0.000020
79.761971	 0.000015
80.015182	 0.000004
80.268394	 0.000003
80.521606	 0.000024
80.774818	 0.000056
81.028030	 0.000068
81.281242	 0.000050
81.534454	 0.000019
81.787666	 0.000003
82.040878	 0.000010
82.294090	 0.000033
82.547302	 0.000055
82.800514	 0.000062
83.053726	 0.000049
83.306938	 0.000029
83.560150	 0.000018
83.813362	 0.000028
84.066574	 0.000063
84.319786	 0.000099
84.572998	 0.000107
84.826210	 0.000076
85.079422	 0.000032
85.332634	 0.000009
85.585846	 0.000005
85.839058	 0.000003
86.092270	 0.000001
86.345482	 0.000015
86.598694	 0.000038
86.851906	 0.000043
87.105118	 0.000027
87.358330	 0.000016
87.611542	 0.000018
87.864754	 0.000015
88.117966	 0.000022
88.371178	 0.000078
88.624390	 0.000169
88.877602	 0.000212
89.130814	 0.000166
89.384026	 0.000097
89.637238	 0.000087
89.890450	 0.000109
90.143661	 0.000096
90.396873	 0.000073
90.650085	 0.000121
90.903297	 0.000225
91.156509	 0.000265
91.409721	 0.000187
91.662933	 0.000072
91.916145	 0.000017
92.169357	 0.000014
92.422569	 0.000010
92.675781	 0.000006
92.928993	 0.000019
93.182205	 0.000024
93.435417	 0.000005
93.688629	 0.000012
93.941841	 0.000087
94.195053	 0.000169
94.448265	 0.000158
94.701477	 0.000070
94.954689	 0.000018
95.207901	 0.000054
95.461113	 0.000106
95.714325	 0.000097
95.967537	 0.000052
96.220749	 0.000037
96.473961	 0.000055
96.727173	 0.000063
96.980385	 0.000046
97.233597	 0.000031
97.486809	 0.000033
97.740021	 0.000038
97.993233	 0.000034
98.246445	 0.000026
98.499657	 0.000021
98.752869	 0.000022
99.006081	 0.000027
99.259293	 0.000025
99.512505	 0.000010
99.765717	 0.000003
100.018929	 0.000029
100.272141	 0.000079
100.525352	 0.000106
100.778564	 0.000083
101.031776	 0.000038
101.284988	 0.000012
101.538200	 0.000007
101.791412	 0.000007
102.044624	 0.000017
102.297836	 0.000050
102.551048	 0.000091
102.804260	 0.000106
103.057472	 0.000094
103.310684	 0.000083
103.563896	 0.000079
103.817108	 0.000061
104.070320	 0.000027
104.323532	 0.000007
104.576744	 0.000017
104.829956	 0.000032
105.083168	 0.000036
105.336380	 0.000041
105.589592	 0.000059
105.842804	 0.000066
106.096016	 0.000042
106.349228	 0.000011
106.602440	 0.000012
106.855652	 0.000033
107.108864	 0.000035
107.362076	 0.000014
107.615288	 0.000008
107.868500	 0.000033
108.121712	 0.000056
108.374924	 0.000047
108.628136	 0.000026
108.881348	 0.000021
109.134560	 0.000027
109.387772	 0.000020
109.640984	 0.000003
109.894196	 0.000004
110.147408	 0.000026
110.400620	 0.000043
110.653831	 0.000034
110.907043	 0.000014
111.160255	 0.000002
111.413467	 0.000004
111.666679	 0.000017
111.919891	 0.000037
112.173103	 0.000051
112.426315	 0.000042
112.679527	 0.000015
112.932739	 0.000001
113.185951	 0.000017
113.439163	 0.000043
113.692375	 0.000046
113.945587	 0.000026
114.198799	 0.000011
114.452011	 0.000009
114.705223	 0.000009
114.958435	 0.000011
115.211647	 0.000030
115.464859	 0.000060
115.718071	 0.000069
115.971283	 0.000042
116.224495	 0.000008
116.477707	 0.000007
116.730919	 0.000044
116.984131	 0.000082
117.237343	 0.000098
117.490555	 0.000095
117.743767	 0.000086
117.996979	 0.000069
118.250191	 0.000040
118.503403	 0.000012
118.756615	 0.000001
119.009827	 0.000012
119.263039	 0.000028
119.516251	 0.000036
119.769463	 0.000032
120.022675	 0.000020
120.275887	 0.000009
120.529099	 0.000002
120.782310	 0.000001
121.035522	 0.000008
121.288734	 0.000015
121.541946	 0.000018
121.795158	 0.000013
122.048370	 0.000006
122.301582	 0.000003
122.554794	 0.000005
122.808006	 0.000010
123.061218	 0.000015
123.314430	 0.000018
123.567642	 0.000014
123.820854	 0.000005
124.074066	 0.000001
124.327278	 0.000011
124.580490	 0.000028
124.833702	 0.000036
125.086914	 0.000026
125.340126	 0.000010
125.593338	 0.000008
125.846550	 0.000031
126.099762	 0.000072
126.352974	 0.000110
126.606186	 0.000125
126.859398	 0.000117
127.112610	 0.000094
127.365822	 0.000065
127.619034	 0.000035
127.872246	 0.000007
128.125458	 0.000002
128.378677	 0.000032
128.631897	 0.000079
128.885117	 0.000105
129.138336	 0.000089
129.391556	 0.000047
129.644775	 0.000011
129.897995	 0.000001
130.151215	 0.000013
130.404434	 0.000034
130.657654	 0.000046
130.910873	 0.000038
131.164093	 0.000017
131.417313	 0.000001
131.670532	 0.000004
131.923752	 0.000021
132.176971	 0.000043
132.430191	 0.000066
132.683411	 0.000080
132.936630	 0.000071
133.189850	 0.000041
133.443069	 0.000011
133.696289	 0.000001
133.949509	 0.000001
134.202728	 0.000001
134.455948	 0.000007
134.709167	 0.000030
134.962387	 0.000052
135.215607	 0.000046
135.468826	 0.000018
135.722046	 0.000002
135.975266	 0.000011
136.228485	 0.000026
136.481705	 0.000024
136.734924	 0.000011
136.988144	 0.000002
137.241364	 0.000001
137.494583	 0.000002
137.747803	 0.000012
138.001022	 0.000035
138.254242	 0.000056
138.507462	 0.000058
138.760681	 0.000041
139.013901	 0.000021
139.267120	 0.000009
139.520340	 0.000006
139.773560	 0.000005
140.026779	 0.000003
140.279999	 0.000005
140.533218	 0.000014
140.786438	 0.000026
141.039658	 0.000032
141.292877	 0.000026
141.546097	 0.000015
141.799316	 0.000013
142.052536	 0.000023
142.305756	 0.000036
142.558975	 0.000042
142.812195	 0.000042
143.065414	 0.000038
143.318634	 0.000036
143.571854	 0.000038
143.825073	 0.000049
144.078293	 0.000059
144.331512	 0.000059
144.584732	 0.000055
144.837952	 0.000065
145.091171	 0.000084
145.344391	 0.000086
145.597610	 0.000058
145.850830	 0.000026
146.104050	 0.000018
146.357269	 0.000029
146.610489	 0.000030
146.863708	 0.000014
147.116928	 0.000001
147.370148	 0.000001
147.623367	 0.000003
147.876587	 0.000001
148.129807	 0.000006
148.383026	 0.000016
148.636246	 0.000015
148.889465	 0.000004
149.142685	 0.000011
149.395905	 0.000045
149.649124	 0.000076
149.902344	 0.000065
150.155563	 0.000024
150.408783	 0.000000
150.662003	 0.000011
150.915222	 0.000026
151.168442	 0.000019
151.421661	 0.000003
151.674881	 0.000004
151.928101	 0.000016
152.181320	 0.000015
152.434540	 0.000002
152.687759	 0.000006
152.940979	 0.000041
153.194199	 0.000083
153.447418	 0.000095
153.700638	 0.000070
153.953857	 0.000036
154.207077	 0.000018
154.460297	 0.000018
154.713516	 0.000022
154.966736	 0.000018
155.219955	 0.000011
155.473175	 0.000007
155.726395	 0.000007
155.979614	 0.000006
156.232834	 0.000004
156.486053	 0.000001
156.739273	 0.000001
156.992493	 0.000003
157.245712	 0.000006
157.498932	 0.000007
157.752151	 0.000003
158.005371	 0.000000
158.258591	 0.000004
158.511810	 0.000014
158.765030	 0.000022
159.018250	 0.000019
159.271469	 0.000009
159.524689	 0.000007
159.777908	 0.000021
160.031128	 0.000037
160.284348	 0.000034
160.537567	 0.000013
160.790787	 0.000000
161.044006	 0.000012
161.297226	 0.000033
161.550446	 0.000038
161.803665	 0.000022
162.056885	 0.000006
162.310104	 0.000005
162.563324	 0.000009
162.816544	 0.000008
163.069763	 0.000003
163.322983	 0.000003
163.576202	 0.000005
163.829422	 0.000004
164.082642	 0.000006
164.335861	 0.000014
164.589081	 0.000018
164.842300	 0.000010
165.095520	 0.000001
165.348740	 0.000006
165.601959	 0.000023
165.855179	 0.000029
166.108398	 0.000017
166.361618	 0.000002
166.614838	 0.000003
166.868057	 0.000018
167.121277	 0.000034
167.374496	 0.000041
167.627716	 0.000042
167.880936	 0.000040
168.134155	 0.000034
168.387375	 0.000023
168.640594	 0.000011
168.893814	 0.000016
169.147034	 0.000061
169.400253	 0.000140
169.653473	 0.000203
169.906693	 0.000194
170.159912	 0.000115
170.413132	 0.000032
170.666351	 0.000006
170.919571	 0.000026
171.172791	 0.000040
171.426010	 0.000024
171.679230	 0.000007
171.932449	 0.000013
172.185669	 0.000028
172.438889	 0.000028
172.692108	 0.000013
172.945328	 0.000005
173.198547	 0.000010
173.451767	 0.000017
173.704987	 0.000014
173.958206	 0.000006
174.211426	 0.000003
174.464645	 0.000008
174.717865	 0.000013
174.971085	 0.000012
175.224304	 0.000008
175.477524	 0.000006
175.730743	 0.000007
175.983963	 0.000011
176.237183	 0.000013
176.490402	 0.000012
176.743622	 0.000010
176.996841	 0.000013
177.250061	 0.000021
177.503281	 0.000030
177.756500	 0.000035
178.009720	 0.000032
178.262939	 0.000023
178.516159	 0.000013
178.769379	 0.000009
179.022598	 0.000013
179.275818	 0.000020
179.529037	 0.000021
179.782257	 0.000015
180.035477	 0.000007
180.288696	 0.000003
180.541916	 0.000002
180.795135	 0.000002
181.048355	 0.000007
181.301575	 0.000022
181.554794	 0.000045
181.808014	 0.000060
182.061234	 0.000055
182.314453	 0.000034
182.567673	 0.000014
182.820892	 0.000005
183.074112	 0.000005
183.327332	 0.000005
183.580551	 0.000003
183.833771	 0.000002
184.086990	 0.000001
184.340210	 0.000002
184.593430	 0.000006
184.846649	 0.000015
185.099869	 0.000024
185.353088	 0.000020
185.606308	 0.000007
185.859528	 0.000000
186.112747	 0.000011
186.365967	 0.000026
186.619186	 0.000027
186.872406	 0.000014
187.125626	 0.000004
187.378845	 0.000003
187.632065	 0.000006
187.885284	 0.000003
188.138504	 0.000002
188.391724	 0.000011
188.644943	 0.000026
188.898163	 0.000030
189.151382	 0.000021
189.404602	 0.000008
189.657822	 0.000004
189.911041	 0.000009
190.164261	 0.000013
190.417480	 0.000012
190.670700	 0.000006
190.923920	 0.000001
191.177139	 0.000001
191.430359	 0.000004
191.683578	 0.000009
191.936798	 0.000009
192.190018	 0.000006
192.443237	 0.000001
192.696457	 0.000001
192.949677	 0.000005
193.202896	 0.000009
193.456116	 0.000010
193.709335	 0.000006
193.962555	 0.000002
194.215775	 0.000001
194.468994	 0.000001
194.722214	 0.000000
194.975433	 0.000000
195.228653	 0.000004
195.481873	 0.000009
195.735092	 0.000010
195.988312	 0.000008
196.241531	 0.000008
196.494751	 0.000011
196.747971	 0.000015
197.001190	 0.000013
197.254410	 0.000006
197.507629	 0.000004
197.760849	 0.000008
198.014069	 0.000014
198.267288	 0.000015
198.520508	 0.000010
198.773727	 0.000003
199.026947	 0.000001
199.280167	 0.000006
199.533386	 0.000018
199.786606	 0.000028
200.039825	 0.000027
200.293045	 0.000016
200.546265	 0.000003
200.799484	 0.000001
201.052704	 0.000009
201.305923	 0.000018
201.559143	 0.000019
201.812363	 0.000012
202.065582	 0.000003
202.318802	 0.000000
202.572021	 0.000003
202.825241	 0.000009
203.078461	 0.000015
203.331680	 0.000018
203.584900	 0.000018
203.838120	 0.000013
204.091339	 0.000006
204.344559	 0.000001
204.597778	 0.000006
204.850998	 0.000020
205.104218	 0.000037
205.357437	 0.000043
205.610657	 0.000032
205.863876	 0.000012
206.117096	 0.000000
206.370316	 0.000008
206.623535	 0.000030
206.876755	 0.000043
207.129974	 0.000033
207.383194	 0.000015
207.636414	 0.000020
207.889633	 0.000060
208.142853	 0.000110
208.396072	 0.000126
208.649292	 0.000093
208.902512	 0.000039
209.155731	 0.000005
209.408951	 0.000004
209.662170	 0.000011
209.915390	 0.000007
210.168610	 0.000005
210.421829	 0.000024
210.675049	 0.000054
210.928268	 0.000064
211.181488	 0.000046
211.434708	 0.000025
211.687927	 0.000027
211.941147	 0.000043
212.194366	 0.000047
212.447586	 0.000032
212.700806	 0.000015
212.954025	 0.000011
213.207245	 0.000016
213.460464	 0.000018
213.713684	 0.000015
213.966904	 0.000011
214.220123	 0.000009
214.473343	 0.000007
214.726562	 0.000005
214.979782	 0.000004
215.233002	 0.000006
215.486221	 0.000007
215.739441	 0.000006
215.992661	 0.000004
216.245880	 0.000002
216.499100	 0.000001
216.752319	 0.000000
217.005539	 0.000000
217.258759	 0.000001
217.511978	 0.000003
217.765198	 0.000004
218.018417	 0.000003
218.271637	 0.000001
218.524857	 0.000005
218.778076	 0.000018
219.031296	 0.000033
219.284515	 0.000034
219.537735	 0.000020
219.790955	 0.000005
220.044174	 0.000004
220.297394	 0.000016
220.550613	 0.000026
220.803833	 0.000024
221.057053	 0.000014
221.310272	 0.000004
221.563492	 0.000001
221.816711	 0.000004
222.069931	 0.000012
222.323151	 0.000019
222.576370	 0.000018
222.829590	 0.000010
223.082809	 0.000004
223.336029	 0.000005
223.589249	 0.000014
223.842468	 0.000019
224.095688	 0.000017
224.348907	 0.000009
224.602127	 0.000003
224.855347	 0.000000
225.108566	 0.000000
225.361786	 0.000000
225.615005	 0.000001
225.868225	 0.000002
226.121445	 0.000002
226.374664	 0.000002
226.627884	 0.000002
226.881104	 0.000002
227.134323	 0.000002
227.387543	 0.000001
227.640762	 0.000000
227.893982	 0.000001
228.147202	 0.000005
228.400421	 0.000009
228.653641	 0.000009
228.906860	 0.000006
229.160080	 0.000002
229.413300	 0.000001
229.666519	 0.000002
229.919739	 0.000002
230.172958	 0.000001
230.426178	 0.000000
230.679398	 0.000001
230.932617	 0.000001
231.185837	 0.000001
231.439056	 0.000000
231.692276	 0.000001
231.945496	 0.000007
232.198715	 0.000017
232.451935	 0.000030
232.705154	 0.000039
232.958374	 0.000037
233.211594	 0.000025
233.464813	 0.000010
233.718033	 0.000001
233.971252	 0.000004
234.224472	 0.000015
234.477692	 0.000025
234.730911	 0.000029
234.984131	 0.000025
235.237350	 0.000015
235.490570	 0.000004
235.743790	 0.000001
235.997009	 0.000007
236.250229	 0.000017
236.503448	 0.000020
236.756668	 0.000013
237.009888	 0.000004
237.263107	 0.000003
237.516327	 0.000011
237.769547	 0.000015
238.022766	 0.000010
238.275986	 0.000002
238.529205	 0.000001
238.782425	 0.000006
239.035645	 0.000010
239.288864	 0.000008
239.542084	 0.000005
239.795303	 0.000004
240.048523	 0.000007
240.301743	 0.000008
240.554962	 0.000007
240.808182	 0.000005
241.061401	 0.000003
241.314621	 0.000004
241.567841	 0.000006
241.821060	 0.000012
242.074280	 0.000022
242.327499	 0.000033
242.580719	 0.000038
242.833939	 0.000034
243.087158	 0.000025
243.340378	 0.000013
243.593597	 0.000004
243.846817	 0.000001
244.100037	 0.000004
244.353256	 0.000009
244.606476	 0.000012
244.859695	 0.000013
245.112915	 0.000010
245.366135	 0.000006
245.619354	 0.000002
245.872574	 0.000001
246.125793	 0.000004
246.379013	 0.000010
246.632233	 0.000013
246.885452	 0.000011
247.138672	 0.000005
247.391891	 0.000001
247.645111	 0.000000
247.898331	 0.000000
248.151550	 0.000002
248.404770	 0.000006
248.657990	 0.000010
248.911209	 0.000012
249.164429	 0.000007
249.417648	 0.000002
249.670868	 0.000001
249.924088	 0.000006
250.177307	 0.000014
250.430527	 0.000018
250.683746	 0.000019
250.936966	 0.000021
251.190186	 0.000027
251.443405	 0.000029
251.696625	 0.000022
251.949844	 0.000011
252.203064	 0.000003
252.456284	 0.000002
252.709503	 0.000002
252.962723	 0.000002
253.215942	 0.000005
253.469162	 0.000012
253.722382	 0.000015
253.975601	 0.000009
254.228821	 0.000001
254.482040	 0.000001
254.735260	 0.000006
254.988480	 0.000008
255.241699	 0.000005
255.494919	 0.000003
255.748138	 0.000004
256.001343	 0.000006
256.254547	 0.000006
256.507751	 0.000009
256.760956	 0.000014
257.014160	 0.000016
257.267365	 0.000012
257.520569	 0.000005
257.773773	 0.000002
258.026978	 0.000003
258.280182	 0.000010
258.533386	 0.000027
258.786591	 0.000048
259.039795	 0.000058
259.292999	 0.000044
259.546204	 0.000019
259.799408	 0.000005
260.052612	 0.000009
260.305817	 0.000018
260.559021	 0.000017
260.812225	 0.000007
261.065430	 0.000001
261.318634	 0.000001
261.571838	 0.000002
261.825043	 0.000001
262.078247	 0.000000
262.331451	 0.000002
262.584656	 0.000004
262.837860	 0.000003
263.091064	 0.000001
263.344269	 0.000005
263.597473	 0.000019
263.850677	 0.000031
264.103882	 0.000028
264.357086	 0.000012
264.610291	 0.000004
264.863495	 0.000019
265.116699	 0.000046
265.369904	 0.000055
265.623108	 0.000036
265.876312	 0.000010
266.129517	 0.000003
266.382721	 0.000013
266.635925	 0.000021
266.889130	 0.000015
267.142334	 0.000004
267.395538	 0.000005
267.648743	 0.000018
267.901947	 0.000031
268.155151	 0.000032
268.408356	 0.000022
268.661560	 0.000014
268.914764	 0.000013
269.167969	 0.000015
269.421173	 0.000012
269.674377	 0.000005
269.927582	 0.000003
270.180786	 0.000008
270.433990	 0.000012
270.687195	 0.000010
270.940399	 0.000004
271.193604	 0.000001
271.446808	 0.000000
271.700012	 0.000000
271.953217	 0.000005
272.206421	 0.000017
272.459625	 0.000030
272.712830	 0.000032
272.966034	 0.000021
273.219238	 0.000007
273.472443	 0.000001
273.725647	 0.000001
273.978851	 0.000002
274.232056	 0.000005
274.485260	 0.000011
274.738464	 0.000018
274.991669	 0.000021
275.244873	 0.000020
275.498077	 0.000014
275.751282	 0.000008
276.004486	 0.000002
276.257690	 0.000001
276.510895	 0.000002
276.764099	 0.000003
277.017303	 0.000002
277.270508	 0.000002
277.523712	 0.000006
277.776917	 0.000012
278.030121	 0.000013
278.283325	 0.000011
278.536530	 0.000006
278.789734	 0.000003
279.042938	 0.000001
279.296143	 0.000001
279.549347	 0.000006
279.802551	 0.000013
280.055756	 0.000017
280.308960	 0.000012
280.562164	 0.000005
280.815369	 0.000002
281.068573	 0.000004
281.321777	 0.000008
281.574982	 0.000011
281.828186	 0.000011
282.081390	 0.000010
282.334595	 0.000009
282.587799	 0.000008
282.841003	 0.000007
283.094208	 0.000005
283.347412	 0.000003
283.600616	 0.000004
283.853821	 0.000007
284.107025	 0.000010
284.360229	 0.000014
284.613434	 0.000014
284.866638	 0.000011
285.119843	 0.000005
285.373047	 0.000002
285.626251	 0.000003
285.879456	 0.000007
286.132660	 0.000011
286.385864	 0.000011
286.639069	 0.000008
286.892273	 0.000007
287.145477	 0.000012
287.398682	 0.000019
287.651886	 0.000023
287.905090	 0.000018
288.158295	 0.000007
288.411499	 0.000001
288.664703	 0.000004
288.917908	 0.000010
289.171112	 0.000013
289.424316	 0.000011
289.677521	 0.000011
289.930725	 0.000011
290.183929	 0.000008
290.437134	 0.000002
290.690338	 0.000000
290.943542	 0.000006
291.196747	 0.000010
291.449951	 0.000007
291.703156	 0.000001
291.956360	 0.000002
292.209564	 0.000012
292.462769	 0.000019
292.715973	 0.000016
292.969177	 0.000009
293.222382	 0.000007
293.475586	 0.000014
293.728790	 0.000023
293.981995	 0.000028
294.235199	 0.000025
294.488403	 0.000017
294.741608	 0.000008
294.994812	 0.000002
295.248016	 0.000003
295.501221	 0.000009
295.754425	 0.000015
296.007629	 0.000014
296.260834	 0.000008
296.514038	 0.000002
296.767242	 0.000000
297.020447	 0.000003
297.273651	 0.000004
297.526855	 0.000001
297.780060	 0.000002
298.033264	 0.000010
298.286469	 0.000025
298.539673	 0.000034
298.792877	 0.000032
299.046082	 0.000021
299.299286	 0.000011
299.552490	 0.000005
299.805695	 0.000002
300.058899	 0.000001
300.312103	 0.000002
300.565308	 0.000005
300.818512	 0.000008
301.071716	 0.000009
301.324921	 0.000007
301.578125	 0.000004
301.831329	 0.000001
302.084534	 0.000000
302.337738	 0.000001
302.590942	 0.000002
302.844147	 0.000004
303.097351	 0.000005
303.350555	 0.000005
303.603760	 0.000003
303.856964	 0.000001
304.110168	 0.000000
304.363373	 0.000001
304.616577	 0.000002
304.869781	 0.000002
305.122986	 0.000002
305.376190	 0.000007
305.629395	 0.000015
305.882599	 0.000020
306.135803	 0.000019
306.389008	 0.000014
306.642212	 0.000009
306.895416	 0.000008
307.148621	 0.000008
307.401825	 0.000011
307.655029	 0.000014
307.908234	 0.000016
308.161438	 0.000013
308.414642	 0.000009
308.667847	 0.000009
308.921051	 0.000014
309.174255	 0.000019
309.427460	 0.000017
309.680664	 0.000010
309.933868	 0.000003
310.187073	 0.000001
310.440277	 0.000005
310.693481	 0.000014
310.946686	 0.000020
311.199890	 0.000017
311.453094	 0.000006
311.706299	 0.000001
311.959503	 0.000011
312.212708	 0.000030
312.465912	 0.000039
312.719116	 0.000029
312.972321	 0.000012
313.225525	 0.000002
313.478729	 0.000002
313.731934	 0.000007
313.985138	 0.000008
314.238342	 0.000005
314.491547	 0.000002
314.744751	 0.000001
314.997955	 0.000002
315.251160	 0.000002
315.504364	 0.000002
315.757568	 0.000003
316.010773	 0.000013
316.263977	 0.000025
316.517181	 0.000028
316.770386	 0.000017
317.023590	 0.000003
317.276794	 0.000004
317.529999	 0.000019
317.783203	 0.000029
318.036407	 0.000024
318.289612	 0.000011
318.542816	 0.000003
318.796021	 0.000002
319.049225	 0.000002
319.302429	 0.000000
319.555634	 0.000002
319.808838	 0.000010
320.062042	 0.000017
320.315247	 0.000017
320.568451	 0.000010
320.821655	 0.000004
321.074860	 0.000004
321.328064	 0.000009
321.581268	 0.000011
321.834473	 0.000008
322.087677	 0.000002
322.340881	 0.000002
322.594086	 0.000011
322.847290	 0.000023
323.100494	 0.000028
323.353699	 0.000023
323.606903	 0.000015
323.860107	 0.000017
324.113312	 0.000026
324.366516	 0.000033
324.619720	 0.000029
324.872925	 0.000016
325.126129	 0.000005
325.379333	 0.000000
325.632538	 0.000003
325.885742	 0.000008
326.138947	 0.000011
326.392151	 0.000014
326.645355	 0.000015
326.898560	 0.000015
327.151764	 0.000014
327.404968	 0.000012
327.658173	 0.000008
327.911377	 0.000004
328.164581	 0.000001
328.417786	 0.000000
328.670990	 0.000002
328.924194	 0.000003
329.177399	 0.000003
329.430603	 0.000003
329.683807	 0.000007
329.937012	 0.000014
330.190216	 0.000021
330.443420	 0.000026
330.696625	 0.000028
330.949829	 0.000029
331.203033	 0.000028
331.456238	 0.000022
331.709442	 0.000013
331.962646	 0.000004
332.215851	 0.000001
332.469055	 0.000001
332.722260	 0.000003
332.975464	 0.000005
333.228668	 0.000010
333.481873	 0.000015
333.735077	 0.000018
333.988281	 0.000019
334.241486	 0.000020
334.494690	 0.000019
334.747894	 0.000013
335.001099	 0.000004
335.254303	 0.000000
335.507507	 0.000006
335.760712	 0.000015
336.013916	 0.000018
336.267120	 0.000013
336.520325	 0.000008
336.773529	 0.000005
337.026733	 0.000003
337.279938	 0.000002
337.533142	 0.000005
337.786346	 0.000012
338.039551	 0.000018
338.292755	 0.000015
338.545959	 0.000006
338.799164	 0.000001
339.052368	 0.000003
339.305573	 0.000011
339.558777	 0.000015
339.811981	 0.000014
340.065186	 0.000009
340.318390	 0.000004
340.571594	 0.000002
340.824799	 0.000002
341.078003	 0.000002
341.331207	 0.000001
341.584412	 0.000004
341.837616	 0.000012
342.090820	 0.000019
342.344025	 0.000019
342.597229	 0.000011
342.850433	 0.000003
343.103638	 0.000001
343.356842	 0.000004
343.610046	 0.000007
343.863251	 0.000005
344.116455	 0.000002
344.369659	 0.000001
344.622864	 0.000003
344.876068	 0.000006
345.129272	 0.000005
345.382477	 0.000002
345.635681	 0.000001
345.888885	 0.000006
346.142090	 0.000011
346.395294	 0.000013
346.648499	 0.000011
346.901703	 0.000008
347.154907	 0.000005
347.408112	 0.000002
347.661316	 0.000001
347.914520	 0.000006
348.167725	 0.000016
348.420929	 0.000022
348.674133	 0.000018
348.927338	 0.000008
349.180542	 0.000001
349.433746	 0.000001
349.686951	 0.000004
349.940155	 0.000004
350.193359	 0.000002
350.446564	 0.000000
350.699768	 0.000000
350.952972	 0.000002
351.206177	 0.000006
351.459381	 0.000011
351.712585	 0.000015
351.965790	 0.000016
352.218994	 0.000013
352.472198	 0.000008
352.725403	 0.000003
352.978607	 0.000001
353.231812	 0.000002
353.485016	 0.000003
353.738220	 0.000002
353.991425	 0.000003
354.244629	 0.000006
354.497833	 0.000010
354.751038	 0.000011
355.004242	 0.000007
355.257446	 0.000003
355.510651	 0.000002
355.763855	 0.000005
356.017059	 0.000011
356.270264	 0.000017
356.523468	 0.000019
356.776672	 0.000015
357.029877	 0.000006
357.283081	 0.000001
357.536285	 0.000006
357.789490	 0.000014
358.042694	 0.000015
358.295898	 0.000009
358.549103	 0.000006
358.802307	 0.000018
359.055511	 0.000038
359.308716	 0.000049
359.561920	 0.000038
359.815125	 0.000014
360.068329	 0.000001
360.321533	 0.000010
360.574738	 0.000037
360.827942	 0.000062
361.081146	 0.000071
361.334351	 0.000066
361.587555	 0.000056
361.840759	 0.000043
362.093964	 0.000028
362.347168	 0.000014
362.600372	 0.000003
362.853577	 0.000000
363.106781	 0.000002
363.359985	 0.000006
363.613190	 0.000006
363.866394	 0.000005
364.119598	 0.000004
364.372803	 0.000004
364.626007	 0.000007
364.879211	 0.000010
365.132416	 0.000015
365.385620	 0.000019
365.638824	 0.000018
365.892029	 0.000011
366.145233	 0.000004
366.398438	 0.000006
366.651642	 0.000017
366.904846	 0.000027
367.158051	 0.000028
367.411255	 0.000022
367.664459	 0.000023
367.917664	 0.000030
368.170868	 0.000033
368.424072	 0.000025
368.677277	 0.000012
368.930481	 0.000002
369.183685	 0.000001
369.436890	 0.000002
369.690094	 0.000002
369.943298	 0.000000
370.196503	 0.000000
370.449707	 0.000001
370.702911	 0.000001
370.956116	 0.000000
371.209320	 0.000000
371.462524	 0.000001
371.715729	 0.000000
371.968933	 0.000000
372.222137	 0.000001
372.475342	 0.000002
372.728546	 0.000002
372.981750	 0.000001
373.234955	 0.000000
373.488159	 0.000000
373.741364	 0.000001
373.994568	 0.000003
374.247772	 0.000009
374.500977	 0.000017
374.754181	 0.000022
375.007385	 0.000021
375.260590	 0.000013
375.513794	 0.000004
375.766998	 0.000002
376.020203	 0.000009
376.273407	 0.000017
376.526611	 0.000018
376.779816	 0.000013
377.033020	 0.000010
377.286224	 0.000013
377.539429	 0.000019
377.792633	 0.000021
378.045837	 0.000013
378.299042	 0.000004
378.552246	 0.000001
378.805450	 0.000006
379.058655	 0.000015
379.311859	 0.000018
379.565063	 0.000012
379.818268	 0.000004
380.071472	 0.000000
380.324677	 0.000002
380.577881	 0.000007
380.831085	 0.000006
381.084290	 0.000002
381.337494	 0.000001
381.590698	 0.000009
381.843903	 0.000024
382.097107	 0.000034
382.350311	 0.000029
382.603516	 0.000014
382.856720	 0.000006
383.109924	 0.000014
383.363129	 0.000029
383.616333	 0.000031
383.869537	 0.000017
384.122742	 0.000005
384.375946	 0.000008
384.629150	 0.000022
384.882355	 0.000027
385.135559	 0.000018
385.388763	 0.000006
385.641968	 0.000004
385.895172	 0.000008
386.148376	 0.000006
386.401581	 0.000001
386.654785	 0.000001
386.907990	 0.000010
387.161194	 0.000017
387.414398	 0.000015
387.667603	 0.000007
387.920807	 0.000005
388.174011	 0.000011
388.427216	 0.000019
388.680420	 0.000022
388.933624	 0.000017
389.186829	 0.000009
389.440033	 0.000002
389.693237	 0.000002
389.946442	 0.000009
390.199646	 0.000019
390.452850	 0.000025
390.706055	 0.000023
390.959259	 0.000014
391.212463	 0.000006
391.465668	 0.000002
391.718872	 0.000004
391.972076	 0.000009
392.225281	 0.000012
392.478485	 0.000012
392.731689	 0.000008
392.984894	 0.000003
393.238098	 0.000000
393.491302	 0.000004
393.744507	 0.000014
393.997711	 0.000022
394.250916	 0.000021
394.504120	 0.000011
394.757324	 0.000002
395.010529	 0.000001
395.263733	 0.000004
395.516937	 0.000006
395.770142	 0.000003
396.023346	 0.000001
396.276550	 0.000004
396.529755	 0.000009
396.782959	 0.000011
397.036163	 0.000010
397.289368	 0.000007
397.542572	 0.000004
397.795776	 0.000002
398.048981	 0.000001
398.302185	 0.000001
398.555389	 0.000001
398.808594	 0.000001
399.061798	 0.000000
399.315002	 0.000001
399.568207	 0.000005
399.821411	 0.000007
400.074615	 0.000007
400.327820	 0.000003
400.581024	 0.000001
400.834229	 0.000000
401.087433	 0.000000
401.340637	 0.000000
401.593842	 0.000001
401.847046	 0.000003
402.100250	 0.000004
402.353455	 0.000004
402.606659	 0.000004
402.859863	 0.000005
403.113068	 0.000005
403.366272	 0.000004
403.619476	 0.000004
403.872681	 0.000009
404.125885	 0.000018
404.379089	 0.000024
404.632294	 0.000020
404.885498	 0.000010
405.138702	 0.000001
405.391907	 0.000001
405.645111	 0.000007
405.898315	 0.000012
406.151520	 0.000012
406.404724	 0.000007
406.657928	 0.000002
406.911133	 0.000001
407.164337	 0.000005
407.417542	 0.000008
407.670746	 0.000007
407.923950	 0.000003
408.177155	 0.000000
408.430359	 0.000003
408.683563	 0.000010
408.936768	 0.000019
409.189972	 0.000026
409.443176	 0.000031
409.696381	 0.000032
409.949585	 0.000027
410.202789	 0.000015
410.455994	 0.000003
410.709198	 0.000001
410.962402	 0.000007
411.215607	 0.000014
411.468811	 0.000012
411.722015	 0.000006
411.975220	 0.000003
412.228424	 0.000006
412.481628	 0.000008
412.734833	 0.000005
412.988037	 0.000001
413.241241	 0.000002
413.494446	 0.000013
413.747650	 0.000023
414.000854	 0.000025
414.254059	 0.000017
414.507263	 0.000006
414.760468	 0.000001
415.013672	 0.000005
415.266876	 0.000013
415.520081	 0.000019
415.773285	 0.000018
416.026489	 0.000012
416.279694	 0.000006
416.532898	 0.000004
416.786102	 0.000004
417.039307	 0.000004
417.292511	 0.000005
417.545715	 0.000005
417.798920	 0.000004
418.052124	 0.000003
418.305328	 0.000003
418.558533	 0.000003
418.811737	 0.000004
419.064941	 0.000004
419.318146	 0.000003
419.571350	 0.000002
419.824554	 0.000001
420.077759	 0.000004
420.330963	 0.000011
420.584167	 0.000021
420.837372	 0.000026
421.090576	 0.000022
421.343781	 0.000013
421.596985	 0.000009
421.850189	 0.000009
422.103394	 0.000009
422.356598	 0.000004
422.609802	 0.000000
422.863007	 0.000005
423.116211	 0.000016
423.369415	 0.000021
423.622620	 0.000017
423.875824	 0.000009
424.129028	 0.000006
424.382233	 0.000007
424.635437	 0.000006
424.888641	 0.000005
425.141846	 0.000009
425.395050	 0.000020
425.648254	 0.000026
425.901459	 0.000018
426.154663	 0.000004
426.407867	 0.000001
426.661072	 0.000015
426.914276	 0.000029
427.167480	 0.000027
427.420685	 0.000012
427.673889	 0.000004
427.927094	 0.000012
428.180298	 0.000026
428.433502	 0.000030
428.686707	 0.000020
428.939911	 0.000005
429.193115	 0.000002
429.446320	 0.000015
429.699524	 0.000039
429.952728	 0.000056
430.205933	 0.000051
430.459137	 0.000027
430.712341	 0.000004
430.965546	 0.000004
431.218750	 0.000024
431.471954	 0.000041
431.725159	 0.000037
431.978363	 0.000019
432.231567	 0.000009
432.484772	 0.000017
432.737976	 0.000032
432.991180	 0.000036
433.244385	 0.000026
433.497589	 0.000012
433.750793	 0.000006
434.003998	 0.000008
434.257202	 0.000012
434.510406	 0.000011
434.763611	 0.000008
435.016815	 0.000007
435.270020	 0.000006
435.523224	 0.000003
435.776428	 0.000000
436.029633	 0.000002
436.282837	 0.000007
436.536041	 0.000009
436.789246	 0.000005
437.042450	 0.000001
437.295654	 0.000008
437.548859	 0.000022
437.802063	 0.000029
438.055267	 0.000021
438.308472	 0.000008
438.561676	 0.000005
438.814880	 0.000015
439.068085	 0.000027
439.321289	 0.000030
439.574493	 0.000024
439.827698	 0.000016
440.080902	 0.000011
440.334106	 0.000009
440.587311	 0.000006
440.840515	 0.000002
441.093719	 0.000000
441.346924	 0.000004
441.600128	 0.000008
441.853333	 0.000009
442.106537	 0.000005
442.359741	 0.000002
442.612946	 0.000003
442.866150	 0.000005
443.119354	 0.000004
443.372559	 0.000001
443.625763	 0.000000
443.878967	 0.000001
444.132172	 0.000001
444.385376	 0.000002
444.638580	 0.000003
444.891785	 0.000003
445.144989	 0.000000
445.398193	 0.000001
445.651398	 0.000009
445.904602	 0.000019
446.157806	 0.000020
446.411011	 0.000009
446.664215	 0.000000
446.917419	 0.000006
447.170624	 0.000018
447.423828	 0.000021
447.677032	 0.000011
447.930237	 0.000001
448.183441	 0.000003
448.436646	 0.000009
448.689850	 0.000009
448.943054	 0.000003
449.196259	 0.000001
449.449463	 0.000011
449.702667	 0.000023
449.955872	 0.000028
450.209076	 0.000022
450.462280	 0.000012
450.715485	 0.000005
450.968689	 0.000003
451.221893	 0.000004
451.475098	 0.000006
451.728302	 0.000009
451.981506	 0.000012
452.234711	 0.000013
452.487915	 0.000013
452.741119	 0.000012
452.994324	 0.000010
453.247528	 0.000008
453.500732	 0.000005
453.753937	 0.000002
454.007141	 0.000001
454.260345	 0.000005
454.513550	 0.000011
454.766754	 0.000015
455.019958	 0.000013
455.273163	 0.000007
455.526367	 0.000002
455.779572	 0.000000
456.032776	 0.000003
456.285980	 0.000007
456.539185	 0.000008
456.792389	 0.000005
457.045593	 0.000001
457.298798	 0.000001
457.552002	 0.000008
457.805206	 0.000020
458.058411	 0.000028
458.311615	 0.000026
458.564819	 0.000015
458.818024	 0.000004
459.071228	 0.000001
459.324432	 0.000006
459.577637	 0.000013
459.830841	 0.000015
460.084045	 0.000010
460.337250	 0.000003
460.590454	 0.000000
460.843658	 0.000002
461.096863	 0.000005
461.350067	 0.000007
461.603271	 0.000005
461.856476	 0.000003
462.109680	 0.000004
462.362885	 0.000006
462.616089	 0.000006
462.869293	 0.000004
463.122498	 0.000002
463.375702	 0.000002
463.628906	 0.000004
463.882111	 0.000007
464.135315	 0.000005
464.388519	 0.000001
464.641724	 0.000001
464.894928	 0.000006
465.148132	 0.000014
465.401337	 0.000015
465.654541	 0.000008
465.907745	 0.000001
466.160950	 0.000004
466.414154	 0.000022
466.667358	 0.000045
466.920563	 0.000058
467.173767	 0.000052
467.426971	 0.000031
467.680176	 0.000010
467.933380	 0.000003
468.186584	 0.000013
468.439789	 0.000033
468.692993	 0.000046
468.946198	 0.000041
469.199402	 0.000022
469.452606	 0.000005
469.705811	 0.000001
469.959015	 0.000010
470.212219	 0.000019
470.465424	 0.000020
470.718628	 0.000017
470.971832	 0.000015
471.225037	 0.000016
471.478241	 0.000017
471.731445	 0.000016
471.984650	 0.000016
472.237854	 0.000015
472.491058	 0.000011
472.744263	 0.000006
472.997467	 0.000005
473.250671	 0.000013
473.503876	 0.000022
473.757080	 0.000022
474.010284	 0.000011
474.263489	 0.000001
474.516693	 0.000003
474.769897	 0.000014
475.023102	 0.000025
475.276306	 0.000028
475.529510	 0.000023
475.782715	 0.000015
476.035919	 0.000008
476.289124	 0.000003
476.542328	 0.000001
476.795532	 0.000001
477.048737	 0.000004
477.301941	 0.000009
477.555145	 0.000014
477.808350	 0.000015
478.061554	 0.000011
478.314758	 0.000004
478.567963	 0.000001
478.821167	 0.000003
479.074371	 0.000011
479.327576	 0.000018
