0.444939	778	0
0.889878	504	0
1.33482	324	0
1.77976	276	0
2.22469	284	0
2.66963	303	0
3.11457	340	0
3.55951	366	0
4.00445	399	0
4.44939	427	0
4.89433	451	0
5.33927	461	0
5.7842	452	0
6.22914	471	0
6.67408	462	0
7.11902	448	0
7.56396	436	0
8.0089	415	0
8.45384	409	0
8.89878	406	0
9.34372	410	0
9.78865	424	0
10.2336	414	0
10.6785	381	0
11.1235	393	0
11.5684	415	0
12.0133	440	0
12.4583	476	0
12.9032	490	0
13.3482	490	0
13.7931	472	0
14.238	486	0
14.683	473	0
15.1279	471	0
15.5729	457	0
16.0178	465	0
16.4627	459	0
16.9077	432	0
17.3526	402	0
17.7976	381	0
18.2425	396	0
18.6874	427	0
19.1324	427	0
19.5773	440	0
20.0222	438	0
20.4672	446	0
20.9121	449	0
21.3571	436	0
21.802	425	0
22.2469	418	0
22.6919	378	0
23.1368	373	0
23.5818	361	0
24.0267	377	0
24.4716	378	0
24.9166	388	0
25.3615	412	0
25.8065	438	0
26.2514	453	0
26.6963	434	0
27.1413	431	0
27.5862	432	0
28.0311	423	0
28.4761	388	0
28.921	382	0
29.366	376	0
29.8109	393	0
30.2558	402	0
30.7008	420	0
31.1457	414	0
31.5907	404	0
32.0356	410	0
32.4805	426	0
32.9255	436	0
33.3704	429	0
33.8154	446	0
34.2603	436	0
34.7052	430	0
35.1502	436	0
35.5951	422	0
36.04	391	0
36.485	377	0
36.9299	383	0
37.3749	379	0
37.8198	405	0
38.2647	404	0
38.7097	417	0
39.1546	426	0
39.5996	418	0
40.0445	410	0
40.4894	405	0
40.9344	410	0
41.3793	404	0
41.8242	402	0
42.2692	392	0
42.7141	425	0
43.1591	424	0
43.604	402	0
44.0489	435	0
44.4939	419	0
44.9388	431	0
45.3838	434	0
45.8287	468	0
46.2736	453	0
46.7186	451	0
47.1635	452	0
47.6085	465	0
48.0534	464	0
48.4983	431	0
48.9433	432	0
49.3882	424	0
49.8331	410	0
50.2781	417	0
50.723	433	0
51.168	435	0
51.6129	449	0
52.0578	481	0
52.5028	500	0
52.9477	525	0
53.3927	537	0
53.8376	561	0
54.2825	556	0
54.7275	522	0
55.1724	496	0
55.6174	477	0
56.0623	462	0
56.5072	425	0
56.9522	398	0
57.3971	392	0
57.842	409	0
58.287	422	0
58.7319	425	0
59.1769	432	0
59.6218	426	0
60.0667	424	0
60.5117	394	0
60.9566	371	0
61.4016	366	0
61.8465	365	0
62.2914	386	0
62.7364	391	0
63.1813	417	0
63.6263	419	0
64.0712	429	0
64.5161	406	0
64.9611	388	0
65.406	399	0
65.8509	413	0
66.2959	428	0
66.7408	444	0
67.1858	425	0
67.6307	397	0
68.0756	392	0
68.5206	385	0
68.9655	407	0
69.4105	437	0
69.8554	451	0
70.3003	464	0
70.7453	469	0
71.1902	476	0
71.6352	478	0
72.0801	497	0
72.525	478	0
72.97	472	0
73.4149	473	0
73.8598	473	0
74.3048	482	0
74.7497	475	0
75.1947	478	0
75.6396	464	0
76.0845	442	0
76.5295	415	0
76.9744	400	0
77.4194	370	0
77.8643	382	0
78.3092	408	0
78.7542	430	0
79.1991	430	0
79.644	431	0
80.089	456	0
80.5339	449	0
80.9789	432	0
81.4238	427	0
81.8687	411	0
82.3137	384	0
82.7586	391	0
83.2036	380	0
83.6485	385	0
84.0934	376	0
84.5384	386	0
84.9833	396	0
85.4283	416	0
85.8732	450	0
86.3181	449	0
86.7631	443	0
87.208	449	0
87.6529	441	0
88.0979	438	0
88.5428	427	0
88.9878	426	0
89.4327	423	0
89.8776	407	0
90.3226	393	0
90.7675	400	0
91.2125	392	0
91.6574	396	0
92.1023	418	0
92.5473	431	0
92.9922	476	0
93.4372	497	0
93.8821	505	0
94.327	497	0
94.772	480	0
95.2169	494	0
95.6618	488	0
96.1068	489	0
96.5517	462	0
96.9967	447	0
97.4416	437	0
97.8865	417	0
98.3315	416	0
98.7764	387	0
99.2214	404	0
99.6663	421	0
100.111	433	0
100.556	435	0
101.001	454	0
101.446	442	0
101.891	418	0
102.336	415	0
102.781	385	0
103.226	363	0
103.671	350	0
104.116	345	0
104.561	344	0
105.006	340	0
105.451	341	0
105.895	381	0
106.34	394	0
106.785	407	0
107.23	411	0
107.675	403	0
108.12	410	0
108.565	415	0
109.01	416	0
109.455	423	0
109.9	425	0
110.345	418	0
110.79	420	0
111.235	426	0
111.68	429	0
112.125	436	0
112.57	431	0
113.014	435	0
113.459	439	0
113.904	420	0
114.349	391	0
114.794	407	0
115.239	405	0
115.684	435	0
116.129	444	0
116.574	421	0
117.019	395	0
117.464	371	0
117.909	360	0
118.354	365	0
118.799	392	0
119.244	395	0
119.689	375	0
120.133	392	0
120.578	386	0
121.023	392	0
121.468	375	0
121.913	363	0
122.358	353	0
122.803	347	0
123.248	356	0
123.693	355	0
124.138	383	0
124.583	416	0
125.028	444	0
125.473	468	0
125.918	477	0
126.363	487	0
126.808	465	0
127.253	421	0
127.697	396	0
128.142	389	0
128.587	406	0
129.032	431	0
129.477	455	0
129.922	460	0
130.367	442	0
130.812	431	0
131.257	420	0
131.702	396	0
132.147	398	0
132.592	406	0
133.037	426	0
133.482	441	0
133.927	469	0
134.372	491	0
134.816	459	0
135.261	436	0
135.706	393	0
136.151	376	0
136.596	379	0
137.041	391	0
137.486	405	0
137.931	422	0
138.376	430	0
138.821	456	0
139.266	443	0
139.711	442	0
140.156	474	0
140.601	475	0
141.046	477	0
141.491	479	0
141.935	450	0
142.38	419	0
142.825	379	0
143.27	373	0
143.715	371	0
144.16	362	0
144.605	369	0
145.05	371	0
145.495	394	0
145.94	406	0
146.385	420	0
146.83	408	0
147.275	409	0
147.72	412	0
148.165	392	0
148.61	398	0
149.055	387	0
149.499	374	0
149.944	394	0
150.389	405	0
150.834	440	0
151.279	473	0
151.724	471	0
152.169	472	0
152.614	470	0
153.059	448	0
153.504	433	0
153.949	418	0
154.394	392	0
154.839	355	0
155.284	349	0
155.729	370	0
156.174	394	0
156.618	411	0
157.063	433	0
157.508	458	0
157.953	456	0
158.398	470	0
158.843	466	0
159.288	479	0
159.733	491	0
160.178	494	0
160.623	448	0
161.068	418	0
161.513	411	0
161.958	418	0
162.403	405	0
162.848	414	0
163.293	399	0
163.737	389	0
164.182	380	0
164.627	383	0
165.072	377	0
165.517	369	0
165.962	351	0
166.407	357	0
166.852	380	0
167.297	394	0
167.742	417	0
168.187	421	0
168.632	431	0
169.077	427	0
169.522	423	0
169.967	425	0
170.412	427	0
170.857	429	0
171.301	421	0
171.746	422	0
172.191	420	0
172.636	414	0
173.081	408	0
173.526	397	0
173.971	386	0
174.416	376	0
174.861	366	0
175.306	359	0
175.751	357	0
176.196	382	0
176.641	390	0
177.086	398	0
177.531	397	0
177.976	420	0
178.42	415	0
178.865	418	0
179.31	420	0
179.755	390	0
180.2	360	0
180.645	352	0
181.09	375	0
181.535	362	0
181.98	395	0
182.425	413	0
182.87	436	0
183.315	458	0
183.76	490	0
184.205	493	0
184.65	468	0
185.095	459	0
185.539	431	0
185.984	424	0
186.429	396	0
186.874	394	0
187.319	383	0
187.764	377	0
188.209	391	0
188.654	397	0
189.099	406	0
189.544	411	0
189.989	416	0
190.434	424	0
190.879	414	0
191.324	393	0
191.769	388	0
192.214	388	0
192.659	413	0
193.103	404	0
193.548	405	0
193.993	384	0
194.438	369	0
194.883	363	0
195.328	380	0
195.773	416	0
196.218	433	0
196.663	426	0
197.108	404	0
197.553	411	0
197.998	399	0
198.443	435	0
198.888	438	0
199.333	434	0
199.778	430	0
200.222	422	0
200.667	413	0
201.112	403	0
201.557	409	0
202.002	416	0
202.447	446	0
202.892	470	0
203.337	486	0
203.782	461	0
204.227	445	0
204.672	413	0
205.117	409	0
205.562	415	0
206.007	420	0
206.452	449	0
206.897	430	0
207.341	410	0
207.786	377	0
208.231	364	0
208.676	348	0
209.121	364	0
209.566	371	0
210.011	404	0
210.456	428	0
210.901	431	0
211.346	428	0
211.791	414	0
212.236	408	0
212.681	403	0
213.126	398	0
213.571	398	0
214.016	388	0
214.461	413	0
214.905	431	0
215.35	442	0
215.795	432	0
216.24	417	0
216.685	427	0
217.13	426	0
217.575	394	0
218.02	396	0
218.465	406	0
218.91	429	0
219.355	455	0
219.8	440	0
220.245	437	0
220.69	440	0
221.135	459	0
221.58	459	0
222.024	465	0
222.469	447	0
222.914	426	0
223.359	421	0
223.804	408	0
224.249	409	0
224.694	416	0
225.139	393	0
225.584	376	0
226.029	384	0
226.474	402	0
226.919	414	0
227.364	412	0
227.809	429	0
228.254	410	0
228.699	397	0
229.143	391	0
229.588	389	0
230.033	388	0
230.478	395	0
230.923	409	0
231.368	429	0
231.813	450	0
232.258	456	0
232.703	443	0
233.148	467	0
233.593	488	0
234.038	497	0
234.483	490	0
234.928	493	0
235.373	475	0
235.818	461	0
236.263	435	0
236.707	410	0
237.152	394	0
237.597	365	0
238.042	349	0
238.487	354	0
238.932	366	0
239.377	393	0
239.822	410	0
240.267	418	0
240.712	416	0
241.157	413	0
241.602	365	0
242.047	366	0
242.492	375	0
242.937	387	0
243.382	411	0
243.826	435	0
244.271	438	0
244.716	436	0
245.161	438	0
245.606	429	0
246.051	431	0
246.496	436	0
246.941	447	0
247.386	450	0
247.831	446	0
248.276	405	0
248.721	396	0
249.166	378	0
249.611	398	0
250.056	411	0
250.501	423	0
250.945	421	0
251.39	414	0
251.835	431	0
252.28	438	0
252.725	449	0
253.17	459	0
253.615	467	0
254.06	462	0
254.505	457	0
254.95	464	0
255.395	461	0
255.84	420	0
256.285	376	0
256.73	343	0
257.175	344	0
257.62	373	0
258.065	380	0
258.509	420	0
258.954	444	0
259.399	467	0
259.844	456	0
260.289	447	0
260.734	447	0
261.179	446	0
261.624	447	0
262.069	413	0
262.514	400	0
262.959	422	0
263.404	438	0
263.849	441	0
264.294	458	0
264.739	469	0
265.184	475	0
265.628	470	0
266.073	454	0
266.518	441	0
266.963	457	0
267.408	462	0
267.853	455	0
268.298	449	0
268.743	420	0
269.188	407	0
269.633	381	0
270.078	361	0
270.523	379	0
270.968	380	0
271.413	378	0
271.858	389	0
272.303	416	0
272.747	416	0
273.192	440	0
273.637	445	0
274.082	451	0
274.527	449	0
274.972	467	0
275.417	483	0
275.862	464	0
276.307	467	0
276.752	443	0
277.197	427	0
277.642	430	0
278.087	420	0
278.532	407	0
278.977	409	0
279.422	425	0
279.867	421	0
280.311	417	0
280.756	416	0
281.201	407	0
281.646	394	0
282.091	401	0
282.536	420	0
282.981	406	0
283.426	409	0
283.871	424	0
284.316	450	0
284.761	465	0
285.206	467	0
285.651	481	0
286.096	466	0
286.541	460	0
286.986	441	0
287.43	431	0
287.875	423	0
288.32	417	0
288.765	439	0
289.21	440	0
289.655	434	0
290.1	418	0
290.545	415	0
290.99	408	0
291.435	402	0
291.88	410	0
292.325	411	0
292.77	436	0
293.215	451	0
293.66	446	0
294.105	443	0
294.549	450	0
294.994	443	0
295.439	435	0
295.884	417	0
296.329	406	0
296.774	419	0
297.219	406	0
297.664	399	0
298.109	418	0
298.554	405	0
298.999	425	0
299.444	452	0
299.889	446	0
300.334	464	0
300.779	466	0
301.224	451	0
301.669	447	0
302.113	450	0
302.558	442	0
303.003	424	0
303.448	394	0
303.893	389	0
304.338	408	0
304.783	422	0
305.228	420	0
305.673	420	0
306.118	407	0
306.563	402	0
307.008	392	0
307.453	367	0
307.898	348	0
308.343	359	0
308.788	358	0
309.232	372	0
309.677	368	0
310.122	384	0
310.567	412	0
311.012	391	0
311.457	401	0
311.902	396	0
312.347	384	0
312.792	371	0
313.237	350	0
313.682	396	0
314.127	415	0
314.572	442	0
315.017	431	0
315.462	452	0
315.907	455	0
316.352	482	0
316.796	485	0
317.241	485	0
317.686	452	0
318.131	424	0
318.576	410	0
319.021	409	0
319.466	433	0
319.911	456	0
320.356	453	0
320.801	465	0
321.246	439	0
321.691	437	0
322.136	423	0
322.581	427	0
323.026	443	0
323.471	437	0
323.915	416	0
324.36	417	0
324.805	409	0
325.25	415	0
325.695	399	0
326.14	385	0
326.585	374	0
327.03	389	0
327.475	382	0
327.92	371	0
328.365	390	0
328.81	409	0
329.255	406	0
329.7	433	0
330.145	420	0
330.59	428	0
331.034	412	0
331.479	406	0
331.924	386	0
332.369	402	0
332.814	407	0
333.259	412	0
333.704	421	0
334.149	426	0
334.594	415	0
335.039	433	0
335.484	447	0
335.929	448	0
336.374	444	0
336.819	408	0
337.264	369	0
337.709	355	0
338.154	377	0
338.598	401	0
339.043	436	0
339.488	461	0
339.933	442	0
340.378	435	0
340.823	442	0
341.268	455	0
341.713	455	0
342.158	448	0
342.603	421	0
343.048	377	0
343.493	367	0
343.938	363	0
344.383	383	0
344.828	402	0
345.273	412	0
345.717	426	0
346.162	432	0
346.607	421	0
347.052	417	0
347.497	387	0
347.942	351	0
348.387	350	0
348.832	355	0
349.277	355	0
349.722	386	0
350.167	410	0
350.612	417	0
351.057	429	0
351.502	427	0
351.947	439	0
352.392	457	0
352.836	465	0
353.281	454	0
353.726	430	0
354.171	419	0
354.616	417	0
355.061	417	0
355.506	426	0
355.951	380	0
356.396	415	0
356.841	419	0
357.286	407	0
357.731	408	0
358.176	408	0
358.621	433	0
359.066	439	0
359.511	462	0
359.956	474	0
360.4	482	0
360.845	465	0
361.29	439	0
361.735	433	0
362.18	464	0
362.625	479	0
363.07	493	0
363.515	468	0
363.96	463	0
364.405	458	0
364.85	438	0
365.295	401	0
365.74	408	0
366.185	402	0
366.63	407	0
367.075	398	0
367.519	389	0
367.964	399	0
368.409	417	0
368.854	434	0
369.299	448	0
369.744	452	0
370.189	444	0
370.634	448	0
371.079	456	0
371.524	465	0
371.969	461	0
372.414	441	0
372.859	408	0
373.304	399	0
373.749	402	0
374.194	421	0
374.638	461	0
375.083	449	0
375.528	458	0
375.973	428	0
376.418	410	0
376.863	394	0
377.308	418	0
377.753	422	0
378.198	428	0
378.643	444	0
379.088	436	0
379.533	448	0
379.978	464	0
380.423	453	0
380.868	446	0
381.313	431	0
381.758	420	0
382.202	403	0
382.647	374	0
383.092	370	0
383.537	400	0
383.982	384	0
384.427	349	0
384.872	358	0
385.317	369	0
385.762	399	0
386.207	420	0
386.652	446	0
387.097	449	0
387.542	481	0
387.987	480	0
388.432	507	0
388.877	547	0
389.321	545	0
389.766	507	0
390.211	484	0
390.656	488	0
391.101	475	0
391.546	465	0
391.991	465	0
392.436	462	0
392.881	443	0
393.326	444	0
393.771	427	0
394.216	429	0
394.661	430	0
395.106	424	0
395.551	419	0
395.996	441	0
396.44	432	0
396.885	413	0
397.33	404	0
397.775	396	0
398.22	392	0
398.665	393	0
399.11	380	0
399.555	380	0
400	390	0
