0.444939	104	0
0.889878	121	0
1.33482	89	0
1.77976	52	0
2.22469	40	0
2.66963	19	0
3.11457	16	0
3.55951	22	0
4.00445	16	0
4.44939	21	0
4.89433	21	0
5.33927	28	0
5.7842	31	0
6.22914	23	0
6.67408	34	0
7.11902	33	0
7.56396	36	0
8.0089	49	0
8.45384	35	0
8.89878	29	0
9.34372	31	0
9.78865	21	0
10.2336	30	0
10.6785	33	0
11.1235	28	0
11.5684	20	0
12.0133	16	0
12.4583	26	0
12.9032	25	0
13.3482	29	0
13.7931	23	0
14.238	21	0
14.683	30	0
15.1279	26	0
15.5729	22	0
16.0178	25	0
16.4627	31	0
16.9077	46	0
17.3526	37	0
17.7976	34	0
18.2425	22	0
18.6874	26	0
19.1324	21	0
19.5773	24	0
20.0222	30	0
20.4672	25	0
20.9121	25	0
21.3571	40	0
21.802	38	0
22.2469	37	0
22.6919	36	0
23.1368	39	0
23.5818	24	0
24.0267	17	0
24.4716	27	0
24.9166	23	0
25.3615	18	0
25.8065	17	0
26.2514	26	0
26.6963	37	0
27.1413	21	0
27.5862	29	0
28.0311	30	0
28.4761	42	0
28.921	31	0
29.366	36	0
29.8109	28	0
30.2558	26	0
30.7008	33	0
31.1457	37	0
31.5907	34	0
32.0356	30	0
32.4805	30	0
32.9255	36	0
33.3704	25	0
33.8154	29	0
34.2603	33	0
34.7052	27	0
35.1502	34	0
35.5951	40	0
36.04	37	0
36.485	39	0
36.9299	27	0
37.3749	26	0
37.8198	25	0
38.2647	36	0
38.7097	30	0
39.1546	29	0
39.5996	26	0
40.0445	29	0
40.4894	30	0
40.9344	34	0
41.3793	25	0
41.8242	38	0
42.2692	21	0
42.7141	18	0
43.1591	31	0
43.604	39	0
44.0489	25	0
44.4939	28	0
44.9388	19	0
45.3838	30	0
45.8287	29	0
46.2736	29	0
46.7186	28	0
47.1635	24	0
47.6085	24	0
48.0534	38	0
48.4983	37	0
48.9433	32	0
49.3882	26	0
49.8331	33	0
50.2781	25	0
50.723	19	0
51.168	17	0
51.6129	20	0
52.0578	9	0
52.5028	18	0
52.9477	11	0
53.3927	20	0
53.8376	17	0
54.2825	29	0
54.7275	29	0
55.1724	26	0
55.6174	27	0
56.0623	46	0
56.5072	34	0
56.9522	40	0
57.3971	29	0
57.842	22	0
58.287	21	0
58.7319	28	0
59.1769	24	0
59.6218	35	0
60.0667	37	0
60.5117	55	0
60.9566	44	0
61.4016	35	0
61.8465	31	0
62.2914	25	0
62.7364	23	0
63.1813	25	0
63.6263	27	0
64.0712	28	0
64.5161	36	0
64.9611	33	0
65.406	25	0
65.8509	21	0
66.2959	19	0
66.7408	29	0
67.1858	28	0
67.6307	36	0
68.0756	26	0
68.5206	16	0
68.9655	15	0
69.4105	22	0
69.8554	25	0
70.3003	24	0
70.7453	26	0
71.1902	20	0
71.6352	23	0
72.0801	17	0
72.525	26	0
72.97	31	0
73.4149	18	0
73.8598	29	0
74.3048	22	0
74.7497	27	0
75.1947	24	0
75.6396	35	0
76.0845	34	0
76.5295	40	0
76.9744	46	0
77.4194	41	0
77.8643	21	0
78.3092	25	0
78.7542	30	0
79.1991	23	0
79.644	30	0
80.089	26	0
80.5339	32	0
80.9789	34	0
81.4238	43	0
81.8687	31	0
82.3137	38	0
82.7586	33	0
83.2036	32	0
83.6485	33	0
84.0934	42	0
84.5384	29	0
84.9833	26	0
85.4283	22	0
85.8732	21	0
86.3181	29	0
86.7631	27	0
87.208	31	0
87.6529	31	0
88.0979	35	0
88.5428	35	0
88.9878	30	0
89.4327	34	0
89.8776	45	0
90.3226	38	0
90.7675	35	0
91.2125	29	0
91.6574	22	0
92.1023	17	0
92.5473	22	0
92.9922	13	0
93.4372	16	0
93.8821	22	0
94.327	25	0
94.772	33	0
95.2169	23	0
95.6618	29	0
96.1068	23	0
96.5517	35	0
96.9967	34	0
97.4416	31	0
97.8865	35	0
98.3315	26	0
98.7764	30	0
99.2214	24	0
99.6663	28	0
100.111	30	0
100.556	33	0
101.001	34	0
101.446	29	0
101.891	44	0
102.336	35	0
102.781	45	0
103.226	43	0
103.671	44	0
104.116	33	0
104.561	35	0
105.006	36	0
105.451	26	0
105.895	21	0
106.34	26	0
106.785	26	0
107.23	34	0
107.675	32	0
108.12	24	0
108.565	22	0
109.01	25	0
109.455	27	0
109.9	31	0
110.345	33	0
110.79	27	0
111.235	31	0
111.68	24	0
112.125	26	0
112.57	19	0
113.014	24	0
113.459	27	0
113.904	36	0
114.349	30	0
114.794	27	0
115.239	26	0
115.684	21	0
116.129	31	0
116.574	48	0
117.019	41	0
117.464	40	0
117.909	38	0
118.354	28	0
118.799	33	0
119.244	35	0
119.689	38	0
120.133	25	0
120.578	33	0
121.023	38	0
121.468	45	0
121.913	39	0
122.358	34	0
122.803	33	0
123.248	25	0
123.693	25	0
124.138	17	0
124.583	22	0
125.028	21	0
125.473	22	0
125.918	27	0
126.363	37	0
126.808	36	0
127.253	46	0
127.697	39	0
128.142	31	0
128.587	23	0
129.032	21	0
129.477	21	0
129.922	33	0
130.367	35	0
130.812	39	0
131.257	34	0
131.702	41	0
132.147	34	0
132.592	26	0
133.037	24	0
133.482	17	0
133.927	18	0
134.372	21	0
134.816	35	0
135.261	46	0
135.706	42	0
136.151	40	0
136.596	36	0
137.041	37	0
137.486	27	0
137.931	20	0
138.376	26	0
138.821	23	0
139.266	28	0
139.711	22	0
140.156	22	0
140.601	28	0
141.046	25	0
141.491	32	0
141.935	35	0
142.38	50	0
142.825	47	0
143.27	26	0
143.715	28	0
144.16	33	0
144.605	38	0
145.05	34	0
145.495	28	0
145.94	20	0
146.385	32	0
146.83	28	0
147.275	33	0
147.72	41	0
148.165	37	0
148.61	26	0
149.055	30	0
149.499	36	0
149.944	23	0
150.389	19	0
150.834	19	0
151.279	20	0
151.724	30	0
152.169	24	0
152.614	31	0
153.059	37	0
153.504	30	0
153.949	36	0
154.394	43	0
154.839	34	0
155.284	33	0
155.729	19	0
156.174	17	0
156.618	24	0
157.063	15	0
157.508	27	0
157.953	25	0
158.398	21	0
158.843	14	0
159.288	29	0
159.733	27	0
160.178	32	0
160.623	41	0
161.068	34	0
161.513	29	0
161.958	34	0
162.403	35	0
162.848	31	0
163.293	33	0
163.737	40	0
164.182	35	0
164.627	33	0
165.072	42	0
165.517	28	0
165.962	36	0
166.407	43	0
166.852	29	0
167.297	26	0
167.742	33	0
168.187	25	0
168.632	29	0
169.077	25	0
169.522	31	0
169.967	39	0
170.412	34	0
170.857	29	0
171.301	38	0
171.746	32	0
172.191	32	0
172.636	33	0
173.081	38	0
173.526	42	0
173.971	41	0
174.416	34	0
174.861	35	0
175.306	30	0
175.751	26	0
176.196	30	0
176.641	35	0
177.086	33	0
177.531	22	0
177.976	23	0
178.42	36	0
178.865	32	0
179.31	32	0
179.755	41	0
180.2	46	0
180.645	34	0
181.09	28	0
181.535	26	0
181.98	20	0
182.425	20	0
182.87	17	0
183.315	15	0
183.76	19	0
184.205	25	0
184.65	42	0
185.095	35	0
185.539	31	0
185.984	36	0
186.429	40	0
186.874	37	0
187.319	30	0
187.764	31	0
188.209	35	0
188.654	27	0
189.099	34	0
189.544	27	0
189.989	31	0
190.434	32	0
190.879	39	0
191.324	34	0
191.769	29	0
192.214	26	0
192.659	31	0
193.103	32	0
193.548	35	0
193.993	32	0
194.438	38	0
194.883	33	0
195.328	31	0
195.773	18	0
196.218	22	0
196.663	32	0
197.108	45	0
197.553	33	0
197.998	31	0
198.443	27	0
198.888	31	0
199.333	31	0
199.778	32	0
200.222	31	0
200.667	31	0
201.112	31	0
201.557	35	0
202.002	27	0
202.447	21	0
202.892	19	0
203.337	33	0
203.782	43	0
204.227	30	0
204.672	31	0
205.117	37	0
205.562	30	0
206.007	19	0
206.452	29	0
206.897	41	0
207.341	36	0
207.786	44	0
208.231	42	0
208.676	38	0
209.121	24	0
209.566	31	0
210.011	30	0
210.456	24	0
210.901	25	0
211.346	34	0
211.791	36	0
212.236	33	0
212.681	37	0
213.126	34	0
213.571	34	0
214.016	37	0
214.461	15	0
214.905	28	0
215.35	23	0
215.795	33	0
216.24	32	0
216.685	37	0
217.13	30	0
217.575	30	0
218.02	27	0
218.465	28	0
218.91	21	0
219.355	28	0
219.8	35	0
220.245	31	0
220.69	23	0
221.135	21	0
221.58	30	0
222.024	26	0
222.469	36	0
222.914	37	0
223.359	25	0
223.804	43	0
224.249	31	0
224.694	36	0
225.139	42	0
225.584	36	0
226.029	27	0
226.474	21	0
226.919	29	0
227.364	23	0
227.809	25	0
228.254	35	0
228.699	40	0
229.143	31	0
229.588	29	0
230.033	27	0
230.478	25	0
230.923	24	0
231.368	23	0
231.813	21	0
232.258	18	0
232.703	22	0
233.148	19	0
233.593	18	0
234.038	21	0
234.483	19	0
234.928	27	0
235.373	30	0
235.818	34	0
236.263	47	0
236.707	58	0
237.152	47	0
237.597	37	0
238.042	36	0
238.487	18	0
238.932	29	0
239.377	24	0
239.822	22	0
240.267	34	0
240.712	30	0
241.157	44	0
241.602	40	0
242.047	27	0
242.492	29	0
242.937	31	0
243.382	27	0
243.826	33	0
244.271	26	0
244.716	27	0
245.161	22	0
245.606	29	0
246.051	29	0
246.496	29	0
246.941	24	0
247.386	29	0
247.831	39	0
248.276	43	0
248.721	36	0
249.166	31	0
249.611	26	0
250.056	25	0
250.501	20	0
250.945	35	0
251.39	23	0
251.835	24	0
252.28	24	0
252.725	15	0
253.17	17	0
253.615	28	0
254.06	20	0
254.505	30	0
254.95	33	0
255.395	36	0
255.84	49	0
256.285	42	0
256.73	43	0
257.175	34	0
257.62	24	0
258.065	26	0
258.509	14	0
258.954	26	0
259.399	29	0
259.844	35	0
260.289	22	0
260.734	32	0
261.179	29	0
261.624	36	0
262.069	35	0
262.514	27	0
262.959	24	0
263.404	19	0
263.849	25	0
264.294	23	0
264.739	24	0
265.184	22	0
265.628	37	0
266.073	27	0
266.518	22	0
266.963	21	0
267.408	20	0
267.853	31	0
268.298	36	0
268.743	43	0
269.188	47	0
269.633	41	0
270.078	38	0
270.523	38	0
270.968	33	0
271.413	37	0
271.858	21	0
272.303	28	0
272.747	25	0
273.192	21	0
273.637	28	0
274.082	34	0
274.527	26	0
274.972	26	0
275.417	29	0
275.862	29	0
276.307	30	0
276.752	39	0
277.197	33	0
277.642	39	0
278.087	40	0
278.532	39	0
278.977	27	0
279.422	26	0
279.867	35	0
280.311	30	0
280.756	32	0
281.201	31	0
281.646	31	0
282.091	22	0
282.536	31	0
282.981	28	0
283.426	28	0
283.871	24	0
284.316	21	0
284.761	24	0
285.206	19	0
285.651	24	0
286.096	32	0
286.541	31	0
286.986	38	0
287.43	27	0
287.875	32	0
288.32	31	0
288.765	22	0
289.21	29	0
289.655	37	0
290.1	35	0
290.545	40	0
290.99	27	0
291.435	33	0
291.88	23	0
292.325	23	0
292.77	16	0
293.215	24	0
293.66	24	0
294.105	30	0
294.549	28	0
294.994	24	0
295.439	33	0
295.884	34	0
296.329	31	0
296.774	31	0
297.219	30	0
297.664	36	0
298.109	32	0
298.554	23	0
298.999	15	0
299.444	24	0
299.889	28	0
300.334	25	0
300.779	24	0
301.224	32	0
301.669	31	0
302.113	30	0
302.558	35	0
303.003	41	0
303.448	44	0
303.893	28	0
304.338	17	0
304.783	28	0
305.228	30	0
305.673	39	0
306.118	44	0
306.563	23	0
307.008	49	0
307.453	38	0
307.898	31	0
308.343	35	0
308.788	34	0
309.232	34	0
309.677	33	0
310.122	24	0
310.567	26	0
311.012	35	0
311.457	36	0
311.902	28	0
312.347	34	0
312.792	36	0
313.237	34	0
313.682	21	0
314.127	16	0
314.572	25	0
315.017	20	0
315.462	23	0
315.907	21	0
316.352	11	0
316.796	24	0
317.241	33	0
317.686	38	0
318.131	35	0
318.576	36	0
319.021	28	0
319.466	27	0
319.911	22	0
320.356	22	0
320.801	23	0
321.246	33	0
321.691	37	0
322.136	38	0
322.581	25	0
323.026	32	0
323.471	36	0
323.915	35	0
324.36	39	0
324.805	34	0
325.25	25	0
325.695	39	0
326.14	41	0
326.585	40	0
327.03	34	0
327.475	32	0
327.92	24	0
328.365	22	0
328.81	22	0
329.255	28	0
329.7	30	0
330.145	34	0
330.59	29	0
331.034	38	0
331.479	37	0
331.924	33	0
332.369	28	0
332.814	35	0
333.259	28	0
333.704	31	0
334.149	26	0
334.594	29	0
335.039	24	0
335.484	21	0
335.929	33	0
336.374	36	0
336.819	43	0
337.264	38	0
337.709	30	0
338.154	30	0
338.598	21	0
339.043	21	0
339.488	20	0
339.933	36	0
340.378	22	0
340.823	26	0
341.268	24	0
341.713	31	0
342.158	38	0
342.603	45	0
343.048	42	0
343.493	23	0
343.938	28	0
344.383	31	0
344.828	25	0
345.273	21	0
345.717	27	0
346.162	29	0
346.607	36	0
347.052	42	0
347.497	38	0
347.942	36	0
348.387	33	0
348.832	32	0
349.277	33	0
349.722	24	0
350.167	22	0
350.612	24	0
351.057	25	0
351.502	31	0
351.947	21	0
352.392	19	0
352.836	30	0
353.281	34	0
353.726	33	0
354.171	27	0
354.616	26	0
355.061	25	0
355.506	33	0
355.951	43	0
356.396	28	0
356.841	27	0
357.286	35	0
357.731	33	0
358.176	21	0
358.621	21	0
359.066	25	0
359.511	18	0
359.956	17	0
360.4	27	0
360.845	32	0
361.29	30	0
361.735	28	0
362.18	21	0
362.625	28	0
363.07	34	0
363.515	40	0
363.96	33	0
364.405	31	0
364.85	32	0
365.295	38	0
365.74	31	0
366.185	28	0
366.63	32	0
367.075	24	0
367.519	40	0
367.964	32	0
368.409	30	0
368.854	32	0
369.299	27	0
369.744	27	0
370.189	26	0
370.634	21	0
371.079	30	0
371.524	35	0
371.969	36	0
372.414	49	0
372.859	42	0
373.304	25	0
373.749	31	0
374.194	21	0
374.638	21	0
375.083	37	0
375.528	28	0
375.973	41	0
376.418	34	0
376.863	38	0
377.308	19	0
377.753	24	0
378.198	30	0
378.643	27	0
379.088	24	0
379.533	24	0
379.978	23	0
380.423	28	0
380.868	31	0
381.313	33	0
381.758	33	0
382.202	38	0
382.647	41	0
383.092	40	0
383.537	37	0
383.982	47	0
384.427	48	0
384.872	20	0
385.317	23	0
385.762	12	0
386.207	33	0
386.652	27	0
387.097	22	0
387.542	23	0
387.987	16	0
388.432	17	0
388.877	13	0
389.321	35	0
389.766	42	0
390.211	32	0
390.656	31	0
391.101	30	0
391.546	29	0
391.991	35	0
392.436	31	0
392.881	33	0
393.326	24	0
393.771	40	0
394.216	31	0
394.661	38	0
395.106	37	0
395.551	34	0
395.996	23	0
396.44	30	0
396.885	24	0
397.33	38	0
397.775	44	0
398.22	43	0
398.665	45	0
399.11	40	0
399.555	23	0
400	33	0
