0.000000	0.000216
0.003255	0.000179
0.006510	0.000174
0.009766	0.000157
0.013021	0.000180
0.016276	0.000184
0.019531	0.000193
0.022786	0.000183
0.026042	0.000188
0.029297	0.000197
0.032552	0.000204
0.035807	0.000227
0.039062	0.000221
0.042318	0.000257
0.045573	0.000227
0.048828	0.000247
0.052083	0.000282
0.055339	0.000277
0.058594	0.000321
0.061849	0.000277
0.065104	0.000334
0.068359	0.000388
0.071615	0.000376
0.074870	0.000411
0.078125	0.000452
0.081380	0.000488
0.084635	0.000545
0.087891	0.000487
0.091146	0.000598
0.094401	0.000626
0.097656	0.000652
0.100911	0.000764
0.104167	0.000759
0.107422	0.000890
0.110677	0.000884
0.113932	0.000904
0.117188	0.001025
0.120443	0.000953
0.123698	0.001078
0.126953	0.001040
0.130208	0.001147
0.133464	0.001046
0.136719	0.001221
0.139974	0.001094
0.143229	0.001118
0.146484	0.001040
0.149740	0.000967
0.152995	0.001013
0.156250	0.000959
0.159505	0.000807
0.162760	0.000768
0.166016	0.000778
0.169271	0.000795
0.172526	0.000714
0.175781	0.000682
0.179036	0.000696
0.182292	0.000562
0.185547	0.000580
0.188802	0.000538
0.192057	0.000529
0.195312	0.000506
0.198568	0.000455
0.201823	0.000472
0.205078	0.000395
0.208333	0.000409
0.211589	0.000406
0.214844	0.000388
0.218099	0.000355
0.221354	0.000329
0.224609	0.000308
0.227865	0.000297
0.231120	0.000332
0.234375	0.000271
0.237630	0.000289
0.240885	0.000277
0.244141	0.000299
0.247396	0.000268
0.250651	0.000263
0.253906	0.000234
0.257161	0.000224
0.260417	0.000244
0.263672	0.000213
0.266927	0.000225
0.270182	0.000234
0.273438	0.000200
0.276693	0.000184
0.279948	0.000191
0.283203	0.000209
0.286458	0.000186
0.289714	0.000175
0.292969	0.000179
0.296224	0.000159
0.299479	0.000166
0.302734	0.000175
0.305990	0.000155
0.309245	0.000162
0.312500	0.000146
0.315755	0.000146
0.319010	0.000136
0.322266	0.000155
0.325521	0.000127
0.328776	0.000151
0.332031	0.000136
0.335286	0.000146
0.338542	0.000146
0.341797	0.000128
0.345052	0.000127
0.348307	0.000127
0.351562	0.000122
0.354818	0.000115
0.358073	0.000115
0.361328	0.000118
0.364583	0.000104
0.367839	0.000107
0.371094	0.000104
0.374349	0.000118
0.377604	0.000105
0.380859	0.000097
0.384115	0.000106
0.387370	0.000104
0.390625	0.000105
0.393880	0.000107
0.397135	0.000089
0.400391	0.000099
0.403646	0.000098
0.406901	0.000097
0.410156	0.000093
0.413411	0.000097
0.416667	0.000088
0.419922	0.000087
0.423177	0.000083
0.426432	0.000098
0.429688	0.000093
0.432943	0.000083
0.436198	0.000082
0.439453	0.000078
0.442708	0.000086
0.445964	0.000083
0.449219	0.000078
0.452474	0.000083
0.455729	0.000080
0.458984	0.000082
0.462240	0.000076
0.465495	0.000079
0.468750	0.000086
0.472005	0.000075
0.475260	0.000078
0.478516	0.000077
0.481771	0.000075
0.485026	0.000072
0.488281	0.000071
0.491536	0.000079
0.494792	0.000076
0.498047	0.000073
0.501302	0.000073
0.504557	0.000071
0.507812	0.000071
0.511068	0.000075
0.514323	0.000067
0.517578	0.000064
0.520833	0.000076
0.524089	0.000070
0.527344	0.000063
0.530599	0.000071
0.533854	0.000068
0.537109	0.000075
0.540365	0.000063
0.543620	0.000062
0.546875	0.000064
0.550130	0.000069
0.553385	0.000061
0.556641	0.000069
0.559896	0.000064
0.563151	0.000065
0.566406	0.000067
0.569661	0.000062
0.572917	0.000064
0.576172	0.000065
0.579427	0.000061
0.582682	0.000062
0.585938	0.000059
0.589193	0.000060
0.592448	0.000064
0.595703	0.000060
0.598958	0.000057
0.602214	0.000058
0.605469	0.000055
0.608724	0.000062
0.611979	0.000055
0.615234	0.000061
0.618490	0.000060
0.621745	0.000059
0.625000	0.000057
0.628255	0.000061
0.631510	0.000054
0.634766	0.000059
0.638021	0.000061
0.641276	0.000058
0.644531	0.000058
0.647786	0.000057
0.651042	0.000057
0.654297	0.000054
0.657552	0.000055
0.660807	0.000063
0.664062	0.000056
0.667318	0.000061
0.670573	0.000059
0.673828	0.000054
0.677083	0.000056
0.680339	0.000052
0.683594	0.000054
0.686849	0.000055
0.690104	0.000052
0.693359	0.000052
0.696615	0.000050
0.699870	0.000049
0.703125	0.000048
0.706380	0.000056
0.709635	0.000050
0.712891	0.000055
0.716146	0.000049
0.719401	0.000050
0.722656	0.000051
0.725911	0.000049
0.729167	0.000050
0.732422	0.000050
0.735677	0.000055
0.738932	0.000051
0.742188	0.000054
0.745443	0.000052
0.748698	0.000048
0.751953	0.000048
0.755208	0.000047
0.758464	0.000056
0.761719	0.000046
0.764974	0.000051
0.768229	0.000050
0.771484	0.000047
0.774740	0.000052
0.777995	0.000051
0.781250	0.000053
0.784505	0.000046
0.787760	0.000049
0.791016	0.000051
0.794271	0.000049
0.797526	0.000052
0.800781	0.000047
0.804036	0.000048
0.807292	0.000050
0.810547	0.000046
0.813802	0.000049
0.817057	0.000051
0.820312	0.000056
0.823568	0.000045
0.826823	0.000045
0.830078	0.000047
0.833333	0.000038
0.836589	0.000049
0.839844	0.000046
0.843099	0.000049
0.846354	0.000046
0.849609	0.000044
0.852865	0.000042
0.856120	0.000047
0.859375	0.000045
0.862630	0.000049
0.865885	0.000045
0.869141	0.000047
0.872396	0.000042
0.875651	0.000042
0.878906	0.000046
0.882161	0.000048
0.885417	0.000043
0.888672	0.000043
0.891927	0.000043
0.895182	0.000043
0.898438	0.000043
0.901693	0.000041
0.904948	0.000045
0.908203	0.000046
0.911458	0.000048
0.914714	0.000043
0.917969	0.000048
0.921224	0.000043
0.924479	0.000047
0.927734	0.000048
0.930990	0.000047
0.934245	0.000040
0.937500	0.000041
0.940755	0.000045
0.944010	0.000040
0.947266	0.000045
0.950521	0.000038
0.953776	0.000044
0.957031	0.000044
0.960286	0.000041
0.963542	0.000042
0.966797	0.000041
0.970052	0.000044
0.973307	0.000040
0.976562	0.000043
0.979818	0.000040
0.983073	0.000041
0.986328	0.000037
0.989583	0.000042
0.992839	0.000038
0.996094	0.000046
0.999349	0.000040
1.002604	0.000040
1.005859	0.000041
1.009115	0.000045
1.012370	0.000041
1.015625	0.000041
1.018880	0.000041
1.022135	0.000045
1.025391	0.000038
1.028646	0.000040
1.031901	0.000043
1.035156	0.000044
1.038411	0.000042
1.041667	0.000048
1.044922	0.000043
1.048177	0.000041
1.051432	0.000044
1.054688	0.000039
1.057943	0.000042
1.061198	0.000041
1.064453	0.000038
1.067708	0.000039
1.070964	0.000041
1.074219	0.000043
1.077474	0.000043
1.080729	0.000041
1.083984	0.000036
1.087240	0.000039
1.090495	0.000043
1.093750	0.000050
1.097005	0.000041
1.100260	0.000035
1.103516	0.000038
1.106771	0.000041
1.110026	0.000045
1.113281	0.000042
1.116536	0.000037
1.119792	0.000037
1.123047	0.000041
1.126302	0.000040
1.129557	0.000037
1.132812	0.000040
1.136068	0.000040
1.139323	0.000039
1.142578	0.000036
1.145833	0.000043
1.149089	0.000041
1.152344	0.000042
1.155599	0.000037
1.158854	0.000039
1.162109	0.000041
1.165365	0.000042
1.168620	0.000037
1.171875	0.000041
1.175130	0.000040
1.178385	0.000039
1.181641	0.000038
1.184896	0.000038
1.188151	0.000035
1.191406	0.000035
1.194661	0.000041
1.197917	0.000035
1.201172	0.000041
1.204427	0.000036
1.207682	0.000039
1.210938	0.000039
1.214193	0.000039
1.217448	0.000038
1.220703	0.000035
1.223958	0.000038
1.227214	0.000038
1.230469	0.000043
1.233724	0.000038
1.236979	0.000039
1.240234	0.000037
1.243490	0.000038
1.246745	0.000038
1.250000	0.000035
1.253255	0.000041
1.256510	0.000035
1.259766	0.000038
1.263021	0.000040
1.266276	0.000040
1.269531	0.000035
1.272786	0.000040
1.276042	0.000041
1.279297	0.000036
1.282552	0.000039
1.285807	0.000038
1.289062	0.000039
1.292318	0.000036
1.295573	0.000034
1.298828	0.000036
1.302083	0.000035
1.305339	0.000037
1.308594	0.000039
1.311849	0.000045
1.315104	0.000038
1.318359	0.000039
1.321615	0.000039
1.324870	0.000033
1.328125	0.000035
1.331380	0.000037
1.334635	0.000037
1.337891	0.000036
1.341146	0.000040
1.344401	0.000038
1.347656	0.000035
1.350911	0.000034
1.354167	0.000035
1.357422	0.000035
1.360677	0.000039
1.363932	0.000037
1.367188	0.000040
1.370443	0.000034
1.373698	0.000037
1.376953	0.000035
1.380208	0.000038
1.383464	0.000037
1.386719	0.000037
1.389974	0.000035
1.393229	0.000036
1.396484	0.000035
1.399740	0.000035
1.402995	0.000037
1.406250	0.000037
1.409505	0.000035
1.412760	0.000037
1.416016	0.000033
1.419271	0.000037
1.422526	0.000037
1.425781	0.000035
1.429036	0.000036
1.432292	0.000036
1.435547	0.000031
1.438802	0.000037
1.442057	0.000035
1.445312	0.000038
1.448568	0.000036
1.451823	0.000036
1.455078	0.000038
1.458333	0.000034
1.461589	0.000036
1.464844	0.000038
1.468099	0.000035
1.471354	0.000028
1.474609	0.000037
1.477865	0.000032
1.481120	0.000036
1.484375	0.000034
1.487630	0.000039
1.490885	0.000036
1.494141	0.000034
1.497396	0.000036
1.500651	0.000035
1.503906	0.000032
1.507161	0.000034
1.510417	0.000031
1.513672	0.000033
1.516927	0.000036
1.520182	0.000036
1.523438	0.000035
1.526693	0.000039
1.529948	0.000034
1.533203	0.000038
1.536458	0.000038
1.539714	0.000038
1.542969	0.000035
1.546224	0.000033
1.549479	0.000032
1.552734	0.000035
1.555990	0.000034
1.559245	0.000035
1.562500	0.000040
1.565755	0.000035
1.569010	0.000032
1.572266	0.000036
1.575521	0.000035
1.578776	0.000036
1.582031	0.000037
1.585286	0.000037
1.588542	0.000032
1.591797	0.000035
1.595052	0.000038
1.598307	0.000036
1.601562	0.000038
1.604818	0.000035
1.608073	0.000038
1.611328	0.000035
1.614583	0.000032
1.617839	0.000037
1.621094	0.000039
1.624349	0.000033
1.627604	0.000040
1.630859	0.000038
1.634115	0.000037
1.637370	0.000032
1.640625	0.000034
1.643880	0.000038
1.647135	0.000034
1.650391	0.000036
1.653646	0.000037
1.656901	0.000037
1.660156	0.000036
1.663411	0.000033
