69.0082	21
69.0274	18
69.0466	7
69.0658	15
69.0849	3
69.1041	24
69.1233	12
69.1425	5
69.1616	5
69.1808	9
69.2	11
69.2192	8
69.2384	8
69.2575	20
69.2767	10
69.2959	14
69.3151	14
69.3342	6
69.3534	7
69.3726	10
69.3918	7
69.411	4
69.4301	4
69.4493	7
69.4685	7
69.4877	4
69.5068	11
69.526	21
69.5452	20
69.5644	30
69.5836	37
69.6027	36
69.6219	15
69.6411	16
69.6603	13
69.6795	15
69.6986	5
69.7178	2
69.737	20
69.7562	28
69.7753	17
69.7945	32
69.8137	30
69.8329	25
69.8521	39
69.8712	21
69.8904	55
69.9096	49
69.9288	47
69.9479	60
69.9671	87
69.9863	51
70.0055	112
70.0247	105
70.0438	86
70.063	71
70.0822	112
70.1014	182
70.1205	193
70.1397	227
70.1589	352
70.1781	217
70.1973	290
70.2164	313
70.2356	284
70.2548	378
70.274	315
70.2932	270
70.3123	271
70.3315	196
70.3507	220
70.3699	194
70.389	208
70.4082	205
70.4274	192
70.4466	198
70.4658	271
70.4849	145
70.5041	184
70.5233	137
70.5425	165
70.5616	116
70.5808	94
70.6	119
70.6192	70
70.6384	57
70.6575	63
70.6767	38
70.6959	35
70.7151	27
70.7342	20
70.7534	28
70.7726	23
70.7918	24
70.811	24
70.8301	35
70.8493	43
70.8685	33
70.8877	44
70.9068	44
70.926	24
70.9452	36
70.9644	35
70.9836	28
71.0027	37
71.0219	39
71.0411	26
71.0603	16
71.0795	0
71.0986	6
71.1178	3
71.137	3
71.1562	2
71.1753	0
71.1945	36
71.2137	41
71.2329	7
71.2521	21
71.2712	17
71.2904	5
71.3096	21
71.3288	18
71.3479	15
71.3671	20
71.3863	15
71.4055	7
71.4247	5
71.4438	23
71.463	5
71.4822	5
71.5014	16
71.5205	14
71.5397	10
71.5589	5
71.5781	10
71.5973	11
71.6164	9
71.6356	14
71.6548	9
71.674	5
71.6932	4
71.7123	6
71.7315	5
71.7507	5
71.7699	3
71.789	3
71.8082	8
71.8274	5
71.8466	2
71.8658	2
71.8849	11
71.9041	2
71.9233	7
71.9425	12
71.9616	10
71.9808	10
72	4
72.0192	6
72.0384	9
72.0575	15
72.0767	10
72.0959	13
72.1151	12
72.1342	15
72.1534	11
72.1699	25
72.189	36
72.2082	48
72.2274	40
72.2466	64
72.2658	39
72.2849	81
72.3041	42
72.3233	31
72.3425	25
72.3616	59
72.3808	41
72.4	86
72.4192	98
72.4384	80
72.4575	100
72.4767	90
72.4959	70
72.5151	111
72.5342	81
72.5534	131
72.5726	116
72.5918	133
72.611	122
72.6301	124
72.6493	90
72.6685	70
72.6877	46
72.7068	34
72.726	35
72.7452	66
72.7644	53
72.7836	113
72.8027	142
72.8219	120
72.8411	157
72.8603	146
72.8795	146
72.8986	140
72.9178	127
72.937	170
72.9562	158
72.9753	120
72.9945	99
73.0137	206
73.0329	113
73.0521	109
73.0712	75
73.0904	68
73.1096	71
73.1288	81
73.1479	80
73.1671	85
73.1863	90
73.2055	84
73.2247	63
73.2438	74
73.263	53
73.2822	63
73.3014	37
73.3205	49
73.3397	52
73.3589	36
73.3781	57
73.3973	53
73.4164	39
73.4356	44
73.4548	29
73.474	31
73.4932	27
73.5123	31
73.5315	24
73.5507	23
73.5699	22
73.589	29
73.6082	28
73.6274	26
73.6466	22
73.6658	12
73.6849	4
73.7041	7
73.7233	9
73.7425	13
73.7616	8
73.7808	4
73.8	4
73.8192	3
73.8384	6
73.8575	17
73.8767	5
73.8959	15
73.9151	1
73.9342	7
73.9534	9
73.9726	4
73.9918	3
74.011	22
74.0301	23
74.0493	13
74.0685	10
74.0877	6
74.1068	6
74.126	7
74.1452	7
74.1644	6
74.1836	0
74.2027	0
74.2219	11
74.2411	5
74.2603	25
74.2795	17
74.2986	12
74.3178	7
74.337	14
74.3562	15
74.3753	6
74.3945	8
74.4137	8
74.4329	13
74.4521	8
74.4712	4
74.4904	30
74.5096	28
74.5288	22
74.5479	33
74.5671	30
74.5863	52
74.6055	39
74.6247	55
74.6438	26
74.663	39
74.6822	32
74.7014	29
74.7205	32
74.7397	24
74.7589	76
74.7781	56
74.7973	117
74.8164	99
74.8356	125
74.8548	153
74.874	146
74.8932	170
74.9123	165
74.9315	160
74.9507	165
74.9699	172
74.989	99
75.0082	226
75.0274	239
75.0466	169
75.0658	117
75.0849	13
75.1041	94
75.1233	105
75.1425	92
75.1616	118
75.1808	118
75.2	132
75.2192	75
75.2384	72
75.2575	68
75.2767	79
75.2959	59
75.3151	39
75.3342	70
75.3534	78
75.3726	50
75.3918	39
75.411	66
75.4301	50
75.4493	66
75.4685	69
75.4877	64
75.5068	29
75.526	47
75.5452	37
75.5644	35
75.5836	17
75.6027	20
75.6219	14
75.6411	12
75.6603	8
75.6795	6
75.6986	15
75.7178	3
75.737	4
75.7562	4
75.7753	2
75.7945	5
75.8137	5
75.7507	7
75.8521	6
75.8712	9
75.8904	10
75.9096	6
75.9288	11
75.9479	5
75.9671	3
75.9863	3
76.0055	7
76.0247	11
76.0438	11
76.063	9
76.0822	6
76.1014	12
76.1205	10
76.1397	6
76.1589	14
76.1753	8
76.1945	11
76.2137	11
76.2329	13
76.2521	10
76.2712	21
76.2904	9
76.3096	16
76.3288	10
76.3479	10
76.3671	18
76.3863	8
76.4055	14
76.4247	3
76.4438	5
76.463	13
76.4822	9
76.5014	7
76.5205	11
76.5397	8
76.5589	16
76.5781	5
76.5973	11
76.6164	14
76.6356	7
76.6548	4
76.674	10
76.6932	10
76.7123	6
76.7315	8
76.7507	30
76.7699	18
76.789	30
76.8082	41
76.8274	35
76.8466	22
76.8658	35
76.8849	25
76.9041	48
76.9233	26
76.9425	63
76.9616	56
76.9808	55
77	40
77.0192	84
77.0384	90
77.0575	80
77.0767	66
77.0959	81
77.1151	126
77.1342	133
77.1534	153
77.1726	176
77.1918	163
77.211	129
77.2301	139
77.2493	124
77.2685	118
77.2877	90
77.3068	120
77.326	96
77.3452	106
77.3644	86
77.3836	51
77.4027	83
77.4219	61
77.4411	37
77.4603	55
77.4795	80
77.4986	98
77.5178	50
77.537	81
77.5562	66
77.5753	48
77.5945	64
77.6137	48
77.6329	27
77.6521	33
77.6712	22
77.6904	17
77.7096	16
77.7288	13
77.7479	4
77.7671	9
77.7863	5
77.8055	5
77.8247	3
77.8438	13
77.863	6
77.8822	8
77.9014	9
77.9205	4
77.9397	3
77.9589	6
77.9781	4
77.9973	5
78.0164	3
78.0356	7
78.0548	6
78.074	5
78.0932	29
78.1123	21
78.1315	29
78.1507	40
78.1699	27
78.189	40
78.2082	27
78.2274	8
78.2466	0
78.2658	43
78.2849	32
78.3041	18
78.3233	55
78.3425	18
78.3616	44
78.3808	39
78.4	48
78.4192	40
78.4384	56
78.4575	67
78.4767	59
78.4959	68
78.5151	70
78.5342	71
78.5534	63
78.5726	70
78.5918	33
78.611	53
78.6301	51
78.6493	43
78.6685	17
78.6877	18
78.7068	18
78.726	19
78.7452	12
78.7644	15
78.7836	16
78.8027	25
78.8219	28
78.8411	11
78.8603	22
78.8795	12
78.8986	17
78.9178	15
78.937	2
78.9562	39
78.9753	24
78.9945	10
79.0137	18
79.0329	26
79.0521	13
79.0712	31
79.0904	23
79.1096	28
79.1288	28
79.1479	27
79.1671	25
79.1863	40
79.2055	36
79.2247	49
79.2438	49
79.263	65
79.2822	41
79.3014	45
79.3205	71
79.3397	60
79.3589	29
79.3781	46
79.3973	80
79.4164	93
79.4356	85
79.4548	65
79.474	70
79.4932	79
79.5123	81
79.5315	52
79.5507	75
79.5699	56
79.589	56
79.6082	46
79.6274	24
79.6466	18
79.6658	19
79.6849	18
79.7041	15
79.7233	14
79.7425	18
79.7616	9
79.7808	4
79.8	10
79.8192	20
79.8384	15
79.8575	6
79.8767	21
79.8959	18
79.9151	7
79.9342	7
79.9534	10
79.9726	4
79.9918	5
80.011	15
80.0301	16
80.0493	13
80.0685	6
80.0877	8
80.1068	13
80.126	8
80.1452	14
80.1644	10
80.1808	13
80.2	14
80.2192	5
80.2384	20
80.2575	9
80.2767	20
80.2959	12
80.3151	8
80.3342	12
80.3534	14
80.3726	18
80.3918	27
80.411	22
80.4301	41
80.4493	30
80.4685	34
80.4877	31
80.5068	45
80.526	69
80.5452	59
80.5644	62
80.5836	72
80.6027	73
80.6219	39
80.6411	35
80.6603	17
80.6795	20
80.6986	14
80.7178	6
80.737	9
80.7562	14
80.7753	13
80.7945	14
80.8137	12
80.8329	14
80.8521	17
80.8712	9
80.8904	31
80.9096	9
80.9288	9
80.9479	12
80.9671	10
80.9863	7
81.0055	13
81.0247	24
81.0438	26
81.063	12
81.0822	17
81.1014	10
81.1205	17
81.1397	10
81.1589	13
81.1781	20
81.1973	32
81.2164	21
81.2356	30
81.2548	34
81.274	33
81.2932	30
81.3123	42
81.3315	71
81.3507	36
81.3699	46
81.389	34
81.4082	47
81.4274	52
81.4466	49
81.4658	37
81.4849	41
81.5041	26
81.5233	35
81.5425	23
81.5616	50
81.5808	37
81.6	40
81.6192	24
81.6384	13
81.6575	13
81.6767	9
81.6959	7
81.7151	4
81.7342	9
81.7534	7
81.7726	12
81.7918	7
81.811	10
81.8301	18
81.8493	9
81.8685	11
81.8877	26
81.9068	12
81.926	17
81.9452	8
81.9644	11
81.9836	9
82.0027	11
82.0219	33
82.0411	19
82.0603	6
82.0795	14
82.0986	13
82.1178	10
82.137	8
82.1562	10
82.1753	15
82.1945	8
82.2137	3
82.2329	10
82.2521	17
82.2712	12
82.2904	14
82.3096	13
82.3288	9
82.3479	7
82.3671	9
82.3863	7
82.4055	7
82.4247	5
82.4438	9
82.463	26
82.4822	23
82.5014	12
82.5205	16
82.5397	16
82.5589	24
82.5781	17
82.5973	15
82.6164	19
82.6356	10
82.6548	7
82.674	15
82.6932	7
82.7123	3
82.7315	5
82.7507	10
82.7699	0
82.789	4
82.8082	6
82.8274	6
82.8466	6
82.8658	7
82.8849	6
82.9041	12
82.9233	6
82.9425	10
82.9616	9
82.9808	15
83	3
83.0192	12
83.0384	13
83.0575	16
83.0767	10
83.0959	15
83.1151	19
83.1342	14
83.1534	13
83.1726	24
83.1918	24
83.211	45
83.2301	25
83.2493	52
83.2685	27
83.2877	72
83.3068	35
83.326	38
83.3452	44
83.3644	47
83.3836	59
83.4027	57
83.4219	42
83.4411	56
83.4603	41
83.4795	61
83.4986	51
83.5178	34
83.537	65
83.5562	52
83.5753	35
83.5945	23
83.6137	26
83.6329	11
83.6521	7
83.6712	8
83.6904	26
83.7096	2
83.7288	11
83.7479	6
83.7671	10
83.7863	9
83.8055	9
83.8247	6
83.8438	4
83.863	14
83.8822	11
83.9014	14
83.9205	10
83.9397	4
83.9589	5
83.9781	10
83.9973	4
84.0164	9
84.0356	9
84.0548	11
84.074	6
84.0932	10
84.1123	12
84.1315	20
84.1507	11
84.1671	11
84.1863	28
84.2055	8
84.2247	18
84.2438	21
84.263	29
84.2822	21
84.3014	7
84.3205	25
84.3397	20
84.3589	18
84.3781	14
84.3973	21
84.4164	9
84.4356	20
84.4548	24
84.474	22
84.4932	18
84.5123	20
84.5315	18
84.5507	20
84.5699	15
84.589	25
84.6082	24
84.6274	15
84.6466	19
84.6658	4
84.6849	12
84.7041	13
84.7233	8
84.7425	9
84.7616	12
84.7808	19
84.8	12
84.8192	18
84.8384	26
84.8575	34
84.8767	30
84.8959	29
84.9151	19
84.9342	29
84.9534	18
84.9726	17
84.9918	21
85.011	23
85.0301	41
85.0493	26
85.0685	28
85.0877	39
85.1068	39
85.126	48
85.1452	47
85.1644	54
85.1836	25
85.2027	52
85.2219	54
85.2411	50
85.2603	49
85.2795	39
85.2986	68
85.3178	48
85.337	43
85.3562	25
85.3753	56
85.3945	52
85.4137	34
85.4329	46
85.4521	49
85.4712	35
85.4904	39
85.5096	24
85.5288	35
85.5479	45
85.5671	40
85.5863	25
85.6055	32
85.6247	22
85.6438	13
85.663	9
85.6822	8
85.7014	8
85.7205	5
85.7397	6
85.7589	5
85.7781	7
85.7973	7
85.8164	4
85.8356	7
85.8548	4
85.874	3
85.8932	0
85.9123	4
85.9315	11
85.9507	1
85.9699	2
85.989	3
86.0082	7
86.0274	9
86.0466	7
86.0658	3
86.0849	10
86.1041	8
86.1233	6
86.1425	15
86.1616	13
86.1808	12
86.2	20
86.2192	18
86.2384	14
86.2575	5
86.2767	8
86.2959	24
86.3151	17
86.3342	7
86.3534	10
86.3726	6
86.3918	18
86.411	2
86.4301	11
86.4493	13
86.4685	6
86.4877	11
86.5068	13
86.526	9
86.5452	7
86.5644	9
86.5836	14
86.6027	5
86.6219	8
86.6411	10
86.6603	3
86.6795	7
86.6986	3
86.7178	6
86.737	4
86.7562	4
86.7753	10
86.7945	6
86.8137	2
86.8329	1
86.8521	7
86.8712	8
86.8904	3
86.9096	2
86.9288	9
86.9479	9
86.9671	4
86.9863	5
87.0055	9
87.0247	23
87.0438	7
87.063	6
87.0822	10
87.1014	13
87.1205	5
87.1397	6
87.1589	12
87.1781	8
87.1973	13
87.2164	7
87.2356	9
87.2548	6
87.274	18
87.2932	10
87.3123	12
87.3315	15
87.3507	9
87.3699	9
87.389	8
87.4082	10
87.4274	15
87.4466	19
87.4658	12
87.4849	6
87.5041	7
87.5233	11
87.5425	12
87.5616	12
87.5808	19
87.6	11
87.6192	16
87.6384	9
87.6575	12
87.6767	6
87.6959	9
87.7151	2
87.7342	0
87.7534	7
87.7726	1
87.7918	4
87.811	8
87.8301	2
87.8493	3
87.8685	11
87.8877	13
87.9068	25
87.926	7
87.9452	12
