46        1
46.01923077        0
46.03846154        96
46.05769231        91
46.07692308        117
46.09615385        70
46.11538462        118
46.13461538        100
46.15384615        112
46.17307692        133
46.19230769        142
46.21153846        138
46.23076923        178
46.25        192
46.26923077        200
46.28846154        160
46.30769231        180
46.32692308        176
46.34615385        138
46.36538462        180
46.38461538        160
46.40384615        188
46.42307692        182
46.44230769        193
46.46153846        162
46.48076923        150
46.5        142
46.51923077        157
46.53846154        158
46.55769231        148
46.57692308        167
46.59615385        166
46.61538462        159
46.63461538        121
46.65384615        148
46.67307692        170
46.69230769        124
46.71153846        130
46.73076923        142
46.75        110
46.76923077        81
46.78846154        90
46.80769231        108
46.82692308        101
46.84615385        94
46.86538462        83
46.88461538        74
46.90384615        99
46.92307692        106
46.94230769        109
46.96153846        105
46.98076923        96
47        103
47.01886792        82
47.03773585        115
47.05660377        132
47.0754717        158
47.09433962        196
47.11320755        156
47.13207547        161
47.1509434        180
47.16981132        212
47.18867925        224
47.20754717        262
47.22641509        252
47.24528302        230
47.26415094        267
47.28301887        192
47.30188679        221
47.32075472        255
47.33962264        256
47.35849057        250
47.37735849        300
47.39622642        263
47.41509434        226
47.43396226        240
47.45283019        231
47.47169811        262
47.49056604        276
47.50943396        188
47.52830189        287
47.54716981        267
47.56603774        217
47.58490566        233
47.60377358        195
47.62264151        156
47.64150943        203
47.66037736        180
47.67924528        193
47.69811321        177
47.71698113        145
47.73584906        131
47.75471698        117
47.77358491        116
47.79245283        73
47.81132075        87
47.83018868        78
47.8490566        59
47.86792453        73
47.88679245        70
47.90566038        86
47.9245283        105
47.94339623        102
47.96226415        92
47.98113208        122
48        67
48.01923077        135
48.03846154        163
48.05769231        160
48.07692308        158
48.09615385        191
48.11538462        172
48.13461538        193
48.15384615        155
48.17307692        158
48.19230769        217
48.21153846        236
48.23076923        246
48.25        192
48.26923077        166
48.28846154        231
48.30769231        286
48.32692308        271
48.34615385        253
48.36538462        221
48.38461538        217
48.40384615        228
48.42307692        265
48.44230769        243
48.46153846        248
48.48076923        273
48.5        217
48.51923077        223
48.53846154        259
48.55769231        258
48.57692308        274
48.59615385        275
48.61538462        263
48.63461538        228
48.65384615        315
48.67307692        248
48.69230769        238
48.71153846        229
48.73076923        166
48.75        170
48.76923077        157
48.78846154        127
48.80769231        146
48.82692308        120
48.84615385        127
48.86538462        111
48.88461538        152
48.90384615        168
48.92307692        162
48.94230769        141
48.96153846        187
48.98076923        154
49        100
49.01923077        133
49.03846154        168
49.05769231        172
49.07692308        195
49.09615385        168
49.11538462        176
49.13461538        212
49.15384615        191
49.17307692        195
49.19230769        218
49.21153846        189
49.23076923        221
49.25        181
49.26923077        247
49.28846154        171
49.30769231        194
49.32692308        157
49.34615385        167
49.36538462        196
49.38461538        183
49.40384615        155
49.42307692        141
49.44230769        111
49.46153846        102
49.48076923        111
49.5        90
49.51923077        110
49.53846154        92
49.55769231        84
49.57692308        86
49.59615385        84
49.61538462        74
49.63461538        82
49.65384615        82
49.67307692        79
49.69230769        77
49.71153846        60
49.73076923        48
49.75        39
49.76923077        43
49.78846154        31
49.80769231        51
49.82692308        26
49.84615385        31
49.86538462        26
49.88461538        22
49.90384615        35
49.92307692        43
49.94230769        36
49.96153846        33
49.98076923        32
50        39
50.01923077        34
50.03846154        61
50.05769231        59
50.07692308        88
50.09615385        77
50.11538462        52
50.13461538        72
50.15384615        68
50.17307692        78
50.19230769        75
50.21153846        77
50.23076923        70
50.25        93
50.26923077        116
50.28846154        102
50.30769231        110
50.32692308        108
50.34615385        144
50.36538462        167
50.38461538        203
50.40384615        176
50.42307692        172
50.44230769        139
50.46153846        168
50.48076923        199
50.5        211
50.51923077        234
50.53846154        233
50.55769231        256
50.57692308        303
50.59615385        268
50.61538462        282
50.63461538        253
50.65384615        336
50.67307692        354
50.69230769        325
50.71153846        280
50.73076923        267
50.75        234
50.76923077        225
50.78846154        255
50.80769231        231
50.82692308        251
50.84615385        295
50.86538462        305
50.88461538        285
50.90384615        340
50.92307692        376
50.94230769        417
50.96153846        394
50.98076923        424
51        360
51.01923077        325
51.03846154        521
51.05769231        490
51.07692308        452
51.09615385        464
51.11538462        428
51.13461538        394
51.15384615        404
51.17307692        425
51.19230769        396
51.21153846        420
51.23076923        402
51.25        260
51.26923077        198
51.28846154        247
51.30769231        272
51.32692308        209
51.34615385        248
51.36538462        218
51.38461538        161
51.40384615        122
51.42307692        174
51.44230769        178
51.46153846        207
51.48076923        190
51.5        184
51.51923077        186
51.53846154        205
51.55769231        193
51.57692308        185
51.59615385        171
51.61538462        146
51.63461538        135
51.65384615        154
51.67307692        134
51.69230769        107
51.71153846        124
51.73076923        112
51.75        83
51.76923077        90
51.78846154        62
51.80769231        77
51.82692308        85
51.84615385        48
51.86538462        51
51.88461538        61
51.90384615        62
51.92307692        62
51.94230769        48
51.96153846        61
51.98076923        51
52        63
52.01886792        73
52.03773585        74
52.05660377        88
52.0754717        82
52.09433962        86
52.11320755        83
52.13207547        91
52.1509434        101
52.16981132        128
52.18867925        116
52.20754717        114
52.22641509        158
52.24528302        131
52.26415094        146
52.28301887        134
52.30188679        129
52.32075472        111
52.33962264        163
52.35849057        177
52.37735849        178
52.39622642        155
52.41509434        165
52.43396226        125
52.45283019        112
52.47169811        106
52.49056604        105
52.50943396        124
52.52830189        104
52.54716981        105
52.56603774        88
52.58490566        97
52.60377358        110
52.62264151        97
52.64150943        100
52.66037736        75
52.67924528        83
52.69811321        132
52.71698113        90
52.73584906        77
52.75471698        81
52.77358491        86
52.79245283        57
52.81132075        63
52.83018868        77
52.8490566        77
52.86792453        80
52.88679245        113
52.90566038        108
52.9245283        148
52.94339623        104
52.96226415        75
52.98113208        90
53        73
53.01923077        109
53.03846154        121
53.05769231        99
53.07692308        143
53.09615385        153
53.11538462        131
53.13461538        96
53.15384615        121
53.17307692        149
53.19230769        187
53.21153846        178
53.23076923        202
53.25        260
53.26923077        148
53.28846154        178
53.30769231        181
53.32692308        237
53.34615385        239
53.36538462        247
53.38461538        244
53.40384615        213
53.42307692        228
53.44230769        178
53.46153846        306
53.48076923        344
53.5        349
53.51923077        355
53.53846154        374
53.55769231        384
53.57692308        389
53.59615385        347
53.61538462        349
53.63461538        428
53.65384615        394
53.67307692        402
53.69230769        354
53.71153846        280
53.73076923        281
53.75        190
53.76923077        142
53.78846154        167
53.80769231        127
53.82692308        130
53.84615385        98
53.86538462        135
53.88461538        126
53.90384615        106
53.92307692        114
53.94230769        131
53.96153846        124
53.98076923        101
54        56
54.01923077        84
54.03846154        83
54.05769231        97
54.07692308        85
54.09615385        83
54.11538462        45
54.13461538        76
54.15384615        71
54.17307692        72
54.19230769        94
54.21153846        75
54.23076923        104
54.25        93
54.26923077        105
54.28846154        102
54.30769231        69
54.32692308        63
54.34615385        88
54.36538462        98
54.38461538        85
54.40384615        104
54.42307692        81
54.44230769        76
54.46153846        53
54.48076923        86
54.5        102
54.51923077        84
54.53846154        98
54.55769231        109
54.57692308        112
54.59615385        90
54.61538462        76
54.63461538        92
54.65384615        100
54.67307692        92
54.69230769        109
54.71153846        109
54.73076923        67
54.75        84
54.76923077        66
54.78846154        64
54.80769231        80
54.82692308        86
54.84615385        90
54.86538462        98
54.88461538        103
54.90384615        119
54.92307692        155
54.94230769        127
54.96153846        123
54.98076923        106
55        89
55.01923077        108
55.03846154        120
55.05769231        156
55.07692308        143
55.09615385        169
55.11538462        162
55.13461538        137
55.15384615        151
55.17307692        125
55.19230769        145
55.21153846        139
55.23076923        154
55.25        128
55.26923077        156
55.28846154        75
55.30769231        88
55.32692308        114
55.34615385        115
55.36538462        103
55.38461538        75
55.40384615        91
55.42307692        71
55.44230769        60
55.46153846        82
55.48076923        51
55.5        95
55.51923077        91
55.53846154        81
55.55769231        50
55.57692308        91
55.59615385        74
55.61538462        83
55.63461538        82
55.65384615        75
55.67307692        81
55.69230769        63
55.71153846        84
55.73076923        46
55.75        58
55.76923077        55
55.78846154        43
55.80769231        52
55.82692308        38
55.84615385        72
55.86538462        44
55.88461538        62
55.90384615        59
55.92307692        70
55.94230769        80
55.96153846        93
55.98076923        71
56        38
56.01923077        60
56.03846154        73
56.05769231        67
56.07692308        54
56.09615385        90
56.11538462        77
56.13461538        69
56.15384615        64
56.17307692        47
56.19230769        66
56.21153846        68
56.23076923        70
56.25        87
56.26923077        60
56.28846154        86
56.30769231        74
56.32692308        75
56.34615385        109
56.36538462        81
56.38461538        76
56.40384615        77
56.42307692        68
56.44230769        94
56.46153846        97
56.48076923        103
56.5        104
56.51923077        142
56.53846154        175
56.55769231        132
56.57692308        132
56.59615385        208
56.61538462        191
56.63461538        165
56.65384615        180
56.67307692        197
56.69230769        190
56.71153846        179
56.73076923        176
56.75        141
56.76923077        100
56.78846154        101
56.80769231        90
56.82692308        89
56.84615385        98
56.86538462        83
56.88461538        81
56.90384615        101
56.92307692        115
56.94230769        82
56.96153846        119
56.98076923        101
57        87
57.01923077        53
57.03846154        126
57.05769231        122
57.07692308        121
57.09615385        154
57.11538462        173
57.13461538        164
57.15384615        157
57.17307692        158
57.19230769        132
57.21153846        189
57.23076923        149
57.25        141
57.26923077        148
57.28846154        137
57.30769231        130
57.32692308        93
57.34615385        84
57.36538462        77
57.38461538        88
57.40384615        101
57.42307692        95
57.44230769        69
57.46153846        65
57.48076923        39
57.5        46
57.51923077        49
57.53846154        60
57.55769231        69
57.57692308        50
57.59615385        68
57.61538462        49
57.63461538        43
57.65384615        55
57.67307692        46
57.69230769        54
57.71153846        75
57.73076923        50
57.75        46
57.76923077        48
57.78846154        29
57.80769231        17
57.82692308        20
57.84615385        22
57.86538462        9
57.88461538        17
57.90384615        26
57.92307692        28
57.94230769        27
57.96153846        24
57.98076923        23
58        33
58.01886792        5
58.03773585        47
58.05660377        17
58.0754717        20
58.09433962        36
58.11320755        41
58.13207547        38
58.1509434        30
58.16981132        31
58.18867925        26
58.20754717        38
58.22641509        25
58.24528302        25
58.26415094        27
58.28301887        30
58.30188679        33
58.32075472        21
58.33962264        28
58.35849057        27
58.37735849        21
58.39622642        40
58.41509434        31
58.43396226        14
58.45283019        43
58.47169811        37
58.49056604        21
58.50943396        42
58.52830189        33
58.54716981        39
58.56603774        34
58.58490566        37
58.60377358        26
58.62264151        33
58.64150943        37
58.66037736        36
58.67924528        53
58.69811321        45
58.71698113        38
58.73584906        36
58.75471698        41
58.77358491        20
58.79245283        26
58.81132075        15
58.83018868        36
58.8490566        21
58.86792453        31
58.88679245        40
58.90566038        32
58.9245283        29
58.94339623        14
58.96226415        29
58.98113208        27
59        21
59.01923077        11
59.03846154        18
59.05769231        18
59.07692308        24
59.09615385        27
59.11538462        26
59.13461538        26
59.15384615        25
59.17307692        23
59.19230769        28
59.21153846        21
59.23076923        17
59.25        21
59.26923077        67
59.28846154        23
59.30769231        24
59.32692308        12
59.34615385        34
59.36538462        31
59.38461538        28
59.40384615        17
59.42307692        15
59.44230769        24
59.46153846        31
59.48076923        35
59.5        25
59.51923077        32
59.53846154        26
59.55769231        29
59.57692308        47
59.59615385        21
59.61538462        32
59.63461538        23
59.65384615        29
59.67307692        44
59.69230769        42
59.71153846        50
59.73076923        32
59.75        41
59.76923077        37
59.78846154        22
59.80769231        35
59.82692308        36
59.84615385        30
59.86538462        26
59.88461538        49
59.90384615        62
59.92307692        50
59.94230769        53
59.96153846        36
59.98076923        40
60        42
60.01923077        44
60.03846154        74
60.05769231        61
60.07692308        89
60.09615385        114
60.11538462        74
60.13461538        85
60.15384615        58
60.17307692        82
60.19230769        72
60.21153846        49
60.23076923        72
60.25        63
60.26923077        86
60.28846154        84
60.30769231        59
60.32692308        55
60.34615385        67
60.36538462        87
60.38461538        121
60.40384615        108
60.42307692        124
60.44230769        112
60.46153846        86
60.48076923        112
60.5        123
60.51923077        132
60.53846154        114
60.55769231        113
60.57692308        124
60.59615385        149
60.61538462        141
60.63461538        120
60.65384615        87
60.67307692        149
60.69230769        131
60.71153846        120
60.73076923        146
60.75        102
60.76923077        117
60.78846154        90
60.80769231        90
60.82692308        81
60.84615385        84
60.86538462        73
60.88461538        69
60.90384615        73
60.92307692        69
60.94230769        73
60.96153846        81
60.98076923        82
61        40
61.01923077        40
61.03846154        54
61.05769231        48
61.07692308        42
61.09615385        53
61.11538462        45
61.13461538        25
61.15384615        38
61.17307692        46
61.19230769        34
61.21153846        25
61.23076923        41
61.25        31
61.26923077        15
61.28846154        22
61.30769231        23
61.32692308        17
61.34615385        24
61.36538462        20
61.38461538        25
61.40384615        15
61.42307692        14
61.44230769        15
61.46153846        23
61.48076923        17
61.5        9
61.51923077        23
61.53846154        16
61.55769231        11
61.57692308        17
61.59615385        11
61.61538462        21
61.63461538        18
61.65384615        12
61.67307692        9
61.69230769        16
61.71153846        23
61.73076923        27
61.75        21
61.76923077        20
61.78846154        10
61.80769231        16
61.82692308        26
61.84615385        8
61.86538462        17
61.88461538        21
61.90384615        21
61.92307692        12
61.94230769        29
61.96153846        7
61.98076923        13
62        8
62.01923077        8
62.03846154        9
62.05769231        5
62.07692308        4
62.09615385        17
62.11538462        14
62.13461538        9
62.15384615        16
62.17307692        6
62.19230769        13
62.21153846        9
62.23076923        11
62.25        10
62.26923077        15
62.28846154        14
62.30769231        12
62.32692308        16
62.34615385        10
62.36538462        13
62.38461538        11
62.40384615        11
62.42307692        17
62.44230769        28
62.46153846        14
62.48076923        4
62.5        15
62.51923077        4
62.53846154        9
62.55769231        9
62.57692308        8
62.59615385        19
62.61538462        7
62.63461538        11
62.65384615        10
62.67307692        10
62.69230769        12
62.71153846        16
62.73076923        16
62.75        13
62.76923077        19
62.78846154        8
62.80769231        18
62.82692308        9
62.84615385        10
62.86538462        10
62.88461538        14
62.90384615        15
62.92307692        12
62.94230769        10
62.96153846        18
62.98076923        10
63        11
63.01923077        6
63.03846154        13
63.05769231        13
63.07692308        9
63.09615385        8
63.11538462        14
63.13461538        15
63.15384615        13
63.17307692        10
63.19230769        4
63.21153846        9
63.23076923        6
63.25        14
63.26923077        12
63.28846154        15
63.30769231        15
63.32692308        18
63.34615385        16
63.36538462        10
63.38461538        13
63.40384615        6
63.42307692        12
63.44230769        23
63.46153846        21
63.48076923        20
63.5        14
63.51923077        35
63.53846154        30
63.55769231        32
63.57692308        30
63.59615385        42
63.61538462        70
63.63461538        44
63.65384615        71
63.67307692        83
63.69230769        73
63.71153846        88
63.73076923        97
63.75        120
63.76923077        100
63.78846154        104
63.80769231        88
63.82692308        83
63.84615385        94
63.86538462        131
63.88461538        126
63.90384615        126
63.92307692        139
63.94230769        166
63.96153846        98
63.98076923        78
64        79
64.01886792        37
64.03773585        50
64.05660377        32
64.0754717        38
64.09433962        39
64.11320755        40
64.13207547        70
64.1509434        30
64.16981132        21
64.18867925        33
64.20754717        44
64.22641509        43
64.24528302        34
64.26415094        26
64.28301887        34
64.30188679        25
64.32075472        26
64.33962264        21
64.35849057        33
64.37735849        24
64.39622642        26
64.41509434        15
64.43396226        20
64.45283019        18
64.47169811        21
64.49056604        19
64.50943396        21
64.52830189        19
64.54716981        39
64.56603774        13
64.58490566        28
64.60377358        20
64.62264151        29
64.64150943        28
64.66037736        30
64.67924528        18
64.69811321        32
64.71698113        30
64.73584906        24
64.75471698        26
64.77358491        49
64.79245283        29
64.81132075        20
64.83018868        14
64.8490566        9
64.86792453        20
64.88679245        17
64.90566038        12
64.9245283        34
64.94339623        20
64.96226415        16
64.98113208        16
65        14
65.01923077        23
65.03846154        17
65.05769231        12
65.07692308        25
65.09615385        12
65.11538462        17
65.13461538        16
65.15384615        15
65.17307692        21
65.19230769        13
65.21153846        12
65.23076923        13
65.25        17
65.26923077        27
65.28846154        28
65.30769231        17
65.32692308        20
65.34615385        25
65.36538462        20
65.38461538        26
65.40384615        39
65.42307692        31
65.44230769        41
65.46153846        18
65.48076923        23
65.5        21
65.51923077        30
65.53846154        27
65.55769231        23
65.57692308        35
65.59615385        28
65.61538462        17
65.63461538        27
65.65384615        22
65.67307692        36
65.69230769        50
65.71153846        51
65.73076923        47
65.75        45
65.76923077        48
65.78846154        31
65.80769231        36
65.82692308        33
65.84615385        26
65.86538462        32
65.88461538        41
65.90384615        36
65.92307692        24
65.94230769        51
65.96153846        30
65.98076923        33
66        46
66.01923077        30
66.03846154        52
66.05769231        26
66.07692308        46
66.09615385        25
66.11538462        50
66.13461538        46
66.15384615        41
66.17307692        38
66.19230769        41
66.21153846        42
66.23076923        39
66.25        32
66.26923077        31
66.28846154        38
66.30769231        29
66.32692308        37
66.34615385        25
66.36538462        61
66.38461538        54
66.40384615        50
66.42307692        39
66.44230769        28
66.46153846        37
66.48076923        36
66.5        55
66.51923077        68
66.53846154        55
66.55769231        69
66.57692308        54
66.59615385        53
66.61538462        55
66.63461538        65
66.65384615        57
66.67307692        75
66.69230769        81
66.71153846        70
66.73076923        64
66.75        101
66.76923077        90
66.78846154        88
66.80769231        57
66.82692308        74
66.84615385        53
66.86538462        64
66.88461538        53
66.90384615        67
66.92307692        91
66.94230769        104
66.96153846        115
66.98076923        81
67        68
67.01923077        52
67.03846154        73
67.05769231        47
67.07692308        65
67.09615385        46
67.11538462        83
67.13461538        78
67.15384615        57
67.17307692        67
67.19230769        101
67.21153846        70
67.23076923        79
67.25        60
67.26923077        63
67.28846154        66
67.30769231        77
67.32692308        76
67.34615385        93
67.36538462        116
67.38461538        74
67.40384615        59
67.42307692        68
67.44230769        63
67.46153846        64
67.48076923        69
67.5        99
67.51923077        93
67.53846154        151
67.55769231        136
67.57692308        123
67.59615385        128
67.61538462        123
67.63461538        110
67.65384615        125
67.67307692        128
67.69230769        132
67.71153846        166
67.73076923        117
67.75        137
67.76923077        135
67.78846154        84
67.80769231        80
67.82692308        86
67.84615385        67
67.86538462        89
67.88461538        84
67.90384615        115
67.92307692        95
67.94230769        118
67.96153846        106
67.98076923        96
68        70
68.01886792        75
68.03773585        80
68.05660377        36
68.0754717        40
68.09433962        66
68.11320755        97
68.13207547        78
68.1509434        56
68.16981132        68
68.18867925        56
68.20754717        60
68.22641509        42
68.24528302        62
68.26415094        59
68.28301887        59
68.30188679        30
68.32075472        47
68.33962264        43
68.35849057        38
68.37735849        40
68.39622642        38
68.41509434        38
68.43396226        48
68.45283019        47
68.47169811        42
68.49056604        57
68.50943396        40
68.52830189        42
68.54716981        41
68.56603774        45
68.58490566        57
68.60377358        53
68.62264151        57
68.64150943        53
68.66037736        62
68.67924528        52
68.69811321        43
68.71698113        54
68.73584906        58
68.75471698        46
68.77358491        60
68.79245283        69
68.81132075        50
68.83018868        71
68.8490566        81
68.86792453        48
68.88679245        63
68.90566038        67
68.9245283        74
68.94339623        51
68.96226415        67
68.98113208        47
69        18
69.01923077        36
69.03846154        18
69.05769231        24
69.07692308        24
69.09615385        29
69.11538462        22
69.13461538        27
69.15384615        19
69.17307692        22
69.19230769        23
69.21153846        17
69.23076923        14
69.25        17
69.26923077        8
69.28846154        8
69.30769231        8
69.32692308        15
69.34615385        9
69.36538462        12
69.38461538        16
69.40384615        8
69.42307692        7
69.44230769        15
69.46153846        18
69.48076923        6
69.5        12
69.51923077        7
69.53846154        9
69.55769231        12
69.57692308        16
69.59615385        5
69.61538462        7
69.63461538        11
69.65384615        8
69.67307692        9
69.69230769        1
69.71153846        26
69.73076923        22
69.75        9
69.76923077        5
69.78846154        5
69.80769231        13
69.82692308        11
69.84615385        24
69.86538462        11
69.88461538        21
69.90384615        32
69.92307692        29
69.94230769        23
69.96153846        18
69.98076923        8
70        5
70.01923077        9
70.03846154        10
70.05769231        7
70.07692308        7
70.09615385        13
70.11538462        18
70.13461538        3
70.15384615        16
70.17307692        11
70.19230769        17
70.21153846        8
70.23076923        24
70.25        13
70.26923077        13
70.28846154        10
70.30769231        8
70.32692308        17
70.34615385        18
70.36538462        19
70.38461538        16
70.40384615        31
70.42307692        21
70.44230769        29
70.46153846        34
70.48076923        25
70.5        22
70.51923077        32
70.53846154        27
70.55769231        33
70.57692308        40
70.59615385        39
70.61538462        29
70.63461538        39
70.65384615        41
70.67307692        45
70.69230769        83
70.71153846        90
70.73076923        112
70.75        89
70.76923077        94
70.78846154        86
70.80769231        79
70.82692308        84
70.84615385        106
70.86538462        114
70.88461538        129
70.90384615        121
70.92307692        146
70.94230769        170
70.96153846        173
70.98076923        137
71        144
71.01923077        122
71.03846154        87
71.05769231        73
71.07692308        56
71.09615385        24
71.11538462        46
71.13461538        50
71.15384615        67
71.17307692        53
71.19230769        88
71.21153846        144
71.23076923        135
71.25        101
71.26923077        77
71.28846154        61
71.30769231        40
71.32692308        61
71.34615385        63
71.36538462        34
71.38461538        42
71.40384615        49
71.42307692        47
71.44230769        30
71.46153846        41
71.48076923        27
71.5        23
71.51923077        13
71.53846154        20
71.55769231        25
71.57692308        51
71.59615385        34
71.61538462        18
71.63461538        12
71.65384615        21
71.67307692        20
71.69230769        18
71.71153846        32
71.73076923        33
71.75        16
71.76923077        17
71.78846154        21
71.80769231        8
71.82692308        18
71.84615385        17
71.86538462        9
71.88461538        15
71.90384615        29
71.92307692        17
71.94230769        17
71.96153846        22
71.98076923        17
72        10
72.01923077        3
72.03846154        13
72.05769231        11
72.07692308        14
72.09615385        10
72.11538462        15
72.13461538        11
72.15384615        13
72.17307692        16
72.19230769        17
72.21153846        7
72.23076923        13
72.25        3
72.26923077        4
72.28846154        10
72.30769231        3
72.32692308        9
72.34615385        2
72.36538462        4
72.38461538        4
72.40384615        3
72.42307692        4
72.44230769        4
72.46153846        8
72.48076923        6
72.5        6
72.51923077        7
72.53846154        6
72.55769231        7
72.57692308        5
72.59615385        7
72.61538462        7
72.63461538        2
72.65384615        8
72.67307692        8
72.69230769        3
72.71153846        12
72.73076923        7
72.75        7
72.76923077        8
72.78846154        5
72.80769231        6
72.82692308        13
72.84615385        9
72.86538462        7
72.88461538        7
72.90384615        18
72.92307692        8
72.94230769        10
72.96153846        10
72.98076923        1
73        2
73.01923077        10
73.03846154        13
73.05769231        6
73.07692308        2
73.09615385        6
73.11538462        7
73.13461538        20
73.15384615        5
73.17307692        14
73.19230769        6
73.21153846        6
73.23076923        9
73.25        17
73.26923077        3
73.28846154        12
73.30769231        7
73.32692308        6
73.34615385        5
73.36538462        5
73.38461538        2
73.40384615        2
73.42307692        6
73.44230769        2
73.46153846        6
73.48076923        5
73.5        5
73.51923077        5
73.53846154        12
73.55769231        6
73.57692308        8
73.59615385        1
73.61538462        18
73.63461538        10
73.65384615        6
73.67307692        13
73.69230769        8
73.71153846        4
73.73076923        5
73.75        8
73.76923077        13
73.78846154        8
73.80769231        4
73.82692308        6
73.84615385        15
73.86538462        7
73.88461538        10
73.90384615        12
73.92307692        18
73.94230769        17
73.96153846        14
73.98076923        20
74		   28
 