0.000000	4.290502
0.000093	4.290531
0.000186	4.290620
0.000279	4.290768
0.000372	4.290975
0.000465	4.291241
0.000558	4.291567
0.000651	4.291952
0.000744	4.292396
0.000837	4.292899
0.000930	4.293462
0.001023	4.294084
0.001116	4.294765
0.001209	4.295506
0.001302	4.296307
0.001395	4.297167
0.001488	4.298087
0.001581	4.299066
0.001674	4.300105
0.001767	4.301203
0.001860	4.302362
0.001953	4.303580
0.002046	4.304859
0.002139	4.306197
0.002232	4.307596
0.002325	4.309054
0.002418	4.310574
0.002511	4.312153
0.002604	4.313794
0.002697	4.315494
0.002790	4.317255
0.002883	4.319078
0.002976	4.320961
0.003069	4.322906
0.003162	4.324911
0.003255	4.326978
0.003348	4.329106
0.003441	4.331296
0.003534	4.333548
0.003627	4.335861
0.003720	4.338236
0.003813	4.340673
0.003906	4.343174
0.003999	4.345736
0.004092	4.348361
0.004185	4.351048
0.004278	4.353799
0.004371	4.356612
0.004464	4.359489
0.004557	4.362430
0.004650	4.365434
0.004743	4.368502
0.004836	4.371634
0.004929	4.374830
0.005022	4.378091
0.005115	4.381416
0.005208	4.384807
0.005301	4.388262
0.005394	4.391782
0.005487	4.395369
0.005580	4.399021
0.005673	4.402739
0.005766	4.406523
0.005859	4.410373
0.005952	4.414290
0.006045	4.418275
0.006138	4.422327
0.006231	4.426445
0.006324	4.430633
0.006417	4.434887
0.006510	4.439210
0.006603	4.443602
0.006696	4.448063
0.006789	4.452593
0.006882	4.457192
0.006975	4.461861
0.007068	4.466600
0.007161	4.471410
0.007254	4.476290
0.007347	4.481241
0.007440	4.486264
0.007533	4.491358
0.007626	4.496525
0.007719	4.501763
0.007812	4.507075
0.007906	4.512459
0.007999	4.517917
0.008092	4.523449
0.008185	4.529055
0.008278	4.534736
0.008371	4.540491
0.008464	4.546322
0.008557	4.552228
0.008650	4.558211
0.008743	4.564270
0.008836	4.570406
0.008929	4.576620
0.009022	4.582911
0.009115	4.589281
0.009208	4.595729
0.009301	4.602256
0.009394	4.608863
0.009487	4.615551
0.009580	4.622318
0.009673	4.629166
0.009766	4.636096
0.009859	4.643108
0.009952	4.650202
0.010045	4.657379
0.010138	4.664640
0.010231	4.671984
0.010324	4.679413
0.010417	4.686927
0.010510	4.694527
0.010603	4.702213
0.010696	4.709985
0.010789	4.717844
0.010882	4.725792
0.010975	4.733828
0.011068	4.741952
0.011161	4.750166
0.011254	4.758471
0.011347	4.766865
0.011440	4.775352
0.011533	4.783930
0.011626	4.792601
0.011719	4.801365
0.011812	4.810223
0.011905	4.819176
0.011998	4.828223
0.012091	4.837368
0.012184	4.846608
0.012277	4.855946
0.012370	4.865381
0.012463	4.874916
0.012556	4.884550
0.012649	4.894284
0.012742	4.904119
0.012835	4.914056
0.012928	4.924095
0.013021	4.934237
0.013114	4.944484
0.013207	4.954836
0.013300	4.965293
0.013393	4.975857
0.013486	4.986527
0.013579	4.997307
0.013672	5.008195
0.013765	5.019193
0.013858	5.030302
0.013951	5.041523
0.014044	5.052855
0.014137	5.064302
0.014230	5.075863
0.014323	5.087540
0.014416	5.099332
0.014509	5.111242
0.014602	5.123271
0.014695	5.135418
0.014788	5.147686
0.014881	5.160076
0.014974	5.172587
0.015067	5.185223
0.015160	5.197982
0.015253	5.210867
0.015346	5.223879
0.015439	5.237018
0.015532	5.250287
0.015625	5.263685
0.015718	5.277215
0.015811	5.290876
0.015904	5.304672
0.015997	5.318603
0.016090	5.332669
0.016183	5.346873
0.016276	5.361215
0.016369	5.375697
0.016462	5.390320
0.016555	5.405085
0.016648	5.419994
0.016741	5.435049
0.016834	5.450249
0.016927	5.465598
0.017020	5.481095
0.017113	5.496744
0.017206	5.512545
0.017299	5.528499
0.017392	5.544608
0.017485	5.560874
0.017578	5.577298
0.017671	5.593882
0.017764	5.610627
0.017857	5.627535
0.017950	5.644608
0.018043	5.661846
0.018136	5.679253
0.018229	5.696829
0.018322	5.714576
0.018415	5.732496
0.018508	5.750591
0.018601	5.768863
0.018694	5.787313
0.018787	5.805943
0.018880	5.824756
0.018973	5.843752
0.019066	5.862935
0.019159	5.882305
0.019252	5.901865
0.019345	5.921618
0.019438	5.941565
0.019531	5.961707
0.019624	5.982048
0.019717	6.002589
0.019810	6.023333
0.019903	6.044281
0.019996	6.065436
0.020089	6.086801
0.020182	6.108377
0.020275	6.130167
0.020368	6.152174
0.020461	6.174399
0.020554	6.196846
0.020647	6.219516
0.020740	6.242412
0.020833	6.265538
0.020926	6.288895
0.021019	6.312485
0.021112	6.336313
0.021205	6.360380
0.021298	6.384690
0.021391	6.409245
0.021484	6.434048
0.021577	6.459101
0.021670	6.484409
0.021763	6.509974
0.021856	6.535799
0.021949	6.561886
0.022042	6.588240
0.022135	6.614863
0.022228	6.641760
0.022321	6.668932
0.022414	6.696383
0.022507	6.724118
0.022600	6.752139
0.022693	6.780449
0.022786	6.809054
0.022879	6.837955
0.022972	6.867157
0.023065	6.896663
0.023158	6.926478
0.023251	6.956606
0.023344	6.987050
0.023438	7.017814
0.023531	7.048903
0.023624	7.080319
0.023717	7.112070
0.023810	7.144157
0.023903	7.176586
0.023996	7.209361
0.024089	7.242486
0.024182	7.275967
0.024275	7.309807
0.024368	7.344012
0.024461	7.378587
0.024554	7.413536
0.024647	7.448864
0.024740	7.484579
0.024833	7.520681
0.024926	7.557180
0.025019	7.594079
0.025112	7.631383
0.025205	7.669101
0.025298	7.707235
0.025391	7.745792
0.025484	7.784778
0.025577	7.824200
0.025670	7.864063
0.025763	7.904373
0.025856	7.945136
0.025949	7.986360
0.026042	8.028050
0.026135	8.070215
0.026228	8.112860
0.026321	8.155992
0.026414	8.199618
0.026507	8.243746
0.026600	8.288383
0.026693	8.333536
0.026786	8.379213
0.026879	8.425423
0.026972	8.472172
0.027065	8.519468
0.027158	8.567322
0.027251	8.615739
0.027344	8.664729
0.027437	8.714301
0.027530	8.764464
0.027623	8.815228
0.027716	8.866599
0.027809	8.918589
0.027902	8.971207
0.027995	9.024463
0.028088	9.078367
0.028181	9.132929
0.028274	9.188159
0.028367	9.244068
0.028460	9.300667
0.028553	9.357967
0.028646	9.415980
0.028739	9.474716
0.028832	9.534188
0.028925	9.594407
0.029018	9.655386
0.029111	9.717138
0.029204	9.779675
0.029297	9.843009
0.029390	9.907155
0.029483	9.972126
0.029576	10.037937
0.029669	10.104600
0.029762	10.172130
0.029855	10.240542
0.029948	10.309853
0.030041	10.380077
0.030134	10.451229
0.030227	10.523325
0.030320	10.596383
0.030413	10.670419
0.030506	10.745450
0.030599	10.821496
0.030692	10.898572
0.030785	10.976697
0.030878	11.055889
0.030971	11.136170
0.031064	11.217560
0.031157	11.300075
0.031250	11.383738
0.031343	11.468570
0.031436	11.554593
0.031529	11.641829
0.031622	11.730299
0.031715	11.820028
0.031808	11.911043
0.031901	12.003361
0.031994	12.097010
0.032087	12.192015
0.032180	12.288403
0.032273	12.386200
0.032366	12.485434
0.032459	12.586131
0.032552	12.688323
0.032645	12.792037
0.032738	12.897307
0.032831	13.004157
0.032924	13.112622
0.033017	13.222734
0.033110	13.334527
0.033203	13.448034
0.033296	13.563292
0.033389	13.680334
0.033482	13.799199
0.033575	13.919924
0.033668	14.042546
0.033761	14.167113
0.033854	14.293653
0.033947	14.422214
0.034040	14.552838
0.034133	14.685570
0.034226	14.820455
0.034319	14.957539
0.034412	15.096869
0.034505	15.238496
0.034598	15.382469
0.034691	15.528845
0.034784	15.677667
0.034877	15.828994
0.034970	15.982882
0.035063	16.139391
0.035156	16.298578
0.035249	16.460505
0.035342	16.625233
0.035435	16.792828
0.035528	16.963356
0.035621	17.136885
0.035714	17.313494
0.035807	17.493238
0.035900	17.676201
0.035993	17.862459
0.036086	18.052090
0.036179	18.245176
0.036272	18.441803
0.036365	18.642052
0.036458	18.846014
0.036551	19.053783
0.036644	19.265459
0.036737	19.481121
0.036830	19.700882
0.036923	19.924841
0.037016	20.153107
0.037109	20.385790
0.037202	20.623001
0.037295	20.864859
0.037388	21.111483
0.037481	21.362999
0.037574	21.619535
0.037667	21.881233
0.037760	22.148212
0.037853	22.420622
0.037946	22.698610
0.038039	22.982327
0.038132	23.271927
0.038225	23.567574
0.038318	23.869432
0.038411	24.177677
0.038504	24.492485
0.038597	24.814053
0.038690	25.142548
0.038783	25.478178
0.038876	25.821150
0.038969	26.171673
0.039062	26.529966
0.039156	26.896257
0.039249	27.270781
0.039342	27.653778
0.039435	28.045504
0.039528	28.446217
0.039621	28.856205
0.039714	29.275715
0.039807	29.705055
0.039900	30.144526
0.039993	30.594440
0.040086	31.055122
0.040179	31.526909
0.040272	32.010151
0.040365	32.505203
0.040458	33.012451
0.040551	33.532303
0.040644	34.065121
0.040737	34.611351
0.040830	35.171425
0.040923	35.745804
0.041016	36.334953
0.041109	36.939373
0.041202	37.559566
0.041295	38.196068
0.041388	38.849426
0.041481	39.520218
0.041574	40.209068
0.041667	40.916542
0.041760	41.643311
0.041853	42.390053
0.041946	43.157463
0.042039	43.946270
0.042132	44.757233
0.042225	45.591137
0.042318	46.448811
0.042411	47.331104
0.042504	48.238945
0.042597	49.173187
0.042690	50.134830
0.042783	51.124882
0.042876	52.144386
0.042969	53.194435
0.043062	54.276154
0.043155	55.390732
0.043248	56.539391
0.043341	57.723412
0.043434	58.944122
0.043527	60.202953
0.043620	61.501247
0.043713	62.840546
0.043806	64.222404
0.043899	65.648430
0.043992	67.120300
0.044085	68.639748
0.044178	70.208588
0.044271	71.828674
0.044364	73.501938
0.044457	75.230453
0.044550	77.016151
0.044643	78.861229
0.044736	80.767876
0.044829	82.738358
0.044922	84.774994
0.045015	86.880173
0.045108	89.056320
0.045201	91.305923
0.045294	93.631516
0.045387	96.035660
0.045480	98.521057
0.045573	101.090096
0.045666	103.745499
0.045759	106.489853
0.045852	109.325729
0.045945	112.255623
0.046038	115.281967
0.046131	118.407089
0.046224	121.633156
0.046317	124.962181
0.046410	128.396072
0.046503	131.936081
0.046596	135.583496
0.046689	139.339157
0.046782	143.203384
0.046875	147.176010
0.046968	151.256271
0.047061	155.442657
0.047154	159.732941
0.047247	164.123932
0.047340	168.611496
0.047433	173.190567
0.047526	177.854263
0.047619	182.594940
0.047712	187.403320
0.047805	192.268509
0.047898	197.178009
0.047991	202.117462
0.048084	207.070755
0.048177	212.019821
0.048270	216.944687
0.048363	221.823654
0.048456	226.632599
0.048549	231.346191
0.048642	235.937332
0.048735	240.377502
0.048828	244.637054
0.048921	248.685593
0.049014	252.492264
0.049107	256.026337
0.049200	259.257538
0.049293	262.156830
0.049386	264.696777
0.049479	266.851959
0.049572	268.600067
0.049665	269.921875
0.049758	270.802002
0.049851	271.229218
0.049944	271.196716
0.050037	270.702301
0.050130	269.748596
0.050223	268.342773
0.050316	266.496552
0.050409	264.226074
0.050502	261.551056
0.050595	258.494812
0.050688	255.083481
0.050781	251.345551
0.050874	247.311249
0.050967	243.011963
0.051060	238.479721
0.051153	233.746597
0.051246	228.844269
0.051339	223.803391
0.051432	218.654037
0.051525	213.424194
0.051618	208.140305
0.051711	202.826996
0.051804	197.506836
0.051897	192.200363
0.051990	186.926086
0.052083	181.700409
0.052176	176.537827
0.052269	171.450668
0.052362	166.450134
0.052455	161.545105
0.052548	156.743088
0.052641	152.050217
0.052734	147.471268
0.052827	143.009888
0.052920	138.668671
0.053013	134.449234
0.053106	130.352448
0.053199	126.378403
0.053292	122.526466
0.053385	118.795914
0.053478	115.185104
0.053571	111.692177
0.053664	108.314957
0.053757	105.051025
0.053850	101.897751
0.053943	98.852325
0.054036	95.911850
0.054129	93.073318
0.054222	90.333580
0.054315	87.689766
0.054408	85.138672
0.054501	82.677223
0.054594	80.302361
0.054688	78.011078
0.054781	75.800400
0.054874	73.667435
0.054967	71.609329
0.055060	69.623314
0.055153	67.706711
0.055246	65.856819
0.055339	64.071251
0.055432	62.347488
0.055525	60.683151
0.055618	59.075954
0.055711	57.523689
0.055804	56.024231
0.055897	54.575527
0.055990	53.175617
0.056083	51.822598
0.056176	50.514603
0.056269	49.249989
0.056362	48.027027
0.056455	46.844105
0.056548	45.699680
0.056641	44.592270
0.056734	43.520454
0.056827	42.482872
0.056920	41.478214
0.057013	40.505238
0.057106	39.562737
0.057199	38.649525
0.057292	37.764580
0.057385	36.906807
0.057478	36.075195
0.057571	35.268776
0.057664	34.486618
0.057757	33.727829
0.057850	32.991566
0.057943	32.277000
0.058036	31.583353
0.058129	30.909843
0.058222	30.255808
0.058315	29.620525
0.058408	29.003334
0.058501	28.403597
0.058594	27.820704
0.058687	27.254070
0.058780	26.703133
0.058873	26.167353
0.058966	25.646212
0.059059	25.139214
0.059152	24.645861
0.059245	24.165733
0.059338	23.698372
0.059431	23.243351
0.059524	22.800266
0.059617	22.368725
0.059710	21.948349
0.059803	21.538780
0.059896	21.139668
0.059989	20.750679
0.060082	20.371477
0.060175	20.001780
0.060268	19.641275
0.060361	19.289677
0.060454	18.946707
0.060547	18.612099
0.060640	18.285595
0.060733	17.966951
0.060826	17.655928
0.060919	17.352293
0.061012	17.055826
0.061105	16.766304
0.061198	16.483543
0.061291	16.207333
0.061384	15.937480
0.061477	15.673800
0.061570	15.416117
0.061663	15.164255
0.061756	14.918050
0.061849	14.677341
0.061942	14.441970
0.062035	14.211782
0.062128	13.986646
0.062221	13.766416
0.062314	13.550955
0.062407	13.340133
0.062500	13.133821
0.062593	12.931899
0.062686	12.734248
0.062779	12.540752
0.062872	12.351302
0.062965	12.165790
0.063058	11.984111
0.063151	11.806164
0.063244	11.631853
0.063337	11.461083
0.063430	11.293764
0.063523	11.129791
0.063616	10.969108
0.063709	10.811616
0.063802	10.657236
0.063895	10.505888
0.063988	10.357498
0.064081	10.211991
0.064174	10.069297
0.064267	9.929345
0.064360	9.792070
0.064453	9.657406
0.064546	9.525289
0.064639	9.395658
0.064732	9.268454
0.064825	9.143618
0.064918	9.021094
0.065011	8.900829
0.065104	8.782769
0.065197	8.666862
0.065290	8.553058
0.065383	8.441309
0.065476	8.331558
0.065569	8.223778
0.065662	8.117913
0.065755	8.013923
0.065848	7.911763
0.065941	7.811393
0.066034	7.712773
0.066127	7.615863
0.066220	7.520627
0.066313	7.427027
0.066406	7.335027
0.066499	7.244593
0.066592	7.155689
0.066685	7.068285
0.066778	6.982346
0.066871	6.897842
0.066964	6.814743
0.067057	6.733017
0.067150	6.652637
0.067243	6.573574
0.067336	6.495801
0.067429	6.419284
0.067522	6.344010
0.067615	6.269948
0.067708	6.197071
0.067801	6.125356
0.067894	6.054780
0.067987	5.985318
0.068080	5.916950
0.068173	5.849652
0.068266	5.783403
0.068359	5.718184
0.068452	5.653972
0.068545	5.590748
0.068638	5.528493
0.068731	5.467189
0.068824	5.406815
0.068917	5.347355
0.069010	5.288791
0.069103	5.231104
0.069196	5.174280
0.069289	5.118301
0.069382	5.063147
0.069475	5.008810
0.069568	4.955272
0.069661	4.902516
0.069754	4.850530
0.069847	4.799298
0.069940	4.748806
0.070033	4.699040
0.070126	4.649989
0.070219	4.601637
0.070312	4.553973
0.070406	4.506983
0.070499	4.460657
0.070592	4.414982
0.070685	4.369946
0.070778	4.325538
0.070871	4.281746
0.070964	4.238560
0.071057	4.195969
0.071150	4.153963
0.071243	4.112531
0.071336	4.071660
0.071429	4.031347
0.071522	3.991579
0.071615	3.952347
0.071708	3.913640
0.071801	3.875451
0.071894	3.837771
0.071987	3.800591
0.072080	3.763901
0.072173	3.727695
0.072266	3.691964
0.072359	3.656701
0.072452	3.621896
0.072545	3.587543
0.072638	3.553634
0.072731	3.520162
0.072824	3.487120
0.072917	3.454501
0.073010	3.422297
0.073103	3.390502
0.073196	3.359110
0.073289	3.328111
0.073382	3.297504
0.073475	3.267280
0.073568	3.237434
0.073661	3.207958
0.073754	3.178849
0.073847	3.150098
0.073940	3.121701
0.074033	3.093653
0.074126	3.065948
0.074219	3.038580
0.074312	3.011544
0.074405	2.984836
0.074498	2.958450
0.074591	2.932380
0.074684	2.906624
0.074777	2.881174
0.074870	2.856028
0.074963	2.831180
0.075056	2.806625
0.075149	2.782360
0.075242	2.758379
0.075335	2.734679
0.075428	2.711257
0.075521	2.688106
0.075614	2.665225
0.075707	2.642607
0.075800	2.620250
0.075893	2.598150
0.075986	2.576303
0.076079	2.554706
0.076172	2.533354
0.076265	2.512244
0.076358	2.491372
0.076451	2.470737
0.076544	2.450332
0.076637	2.430156
0.076730	2.410206
0.076823	2.390478
0.076916	2.370968
0.077009	2.351675
0.077102	2.332594
0.077195	2.313721
0.077288	2.295057
0.077381	2.276597
0.077474	2.258338
0.077567	2.240277
0.077660	2.222412
0.077753	2.204740
0.077846	2.187258
0.077939	2.169965
0.078032	2.152856
0.078125	2.135929
0.078218	2.119183
0.078311	2.102614
0.078404	2.086221
0.078497	2.070001
0.078590	2.053951
0.078683	2.038070
0.078776	2.022355
0.078869	2.006803
0.078962	1.991414
0.079055	1.976184
0.079148	1.961110
0.079241	1.946193
0.079334	1.931429
0.079427	1.916817
0.079520	1.902354
0.079613	1.888038
0.079706	1.873868
0.079799	1.859842
0.079892	1.845957
0.079985	1.832213
0.080078	1.818607
0.080171	1.805137
0.080264	1.791802
0.080357	1.778600
0.080450	1.765529
0.080543	1.752588
0.080636	1.739775
0.080729	1.727088
0.080822	1.714526
0.080915	1.702088
0.081008	1.689771
0.081101	1.677574
0.081194	1.665496
0.081287	1.653535
0.081380	1.641691
0.081473	1.629961
0.081566	1.618343
0.081659	1.606838
0.081752	1.595443
0.081845	1.584156
0.081938	1.572977
0.082031	1.561905
0.082124	1.550938
0.082217	1.540074
0.082310	1.529313
0.082403	1.518653
0.082496	1.508093
0.082589	1.497632
0.082682	1.487269
0.082775	1.477003
0.082868	1.466832
0.082961	1.456755
0.083054	1.446770
0.083147	1.436879
0.083240	1.427078
0.083333	1.417368
0.083426	1.407746
0.083519	1.398212
0.083612	1.388766
0.083705	1.379405
0.083798	1.370129
0.083891	1.360936
0.083984	1.351827
0.084077	1.342800
0.084170	1.333854
0.084263	1.324988
0.084356	1.316201
0.084449	1.307492
0.084542	1.298862
0.084635	1.290307
0.084728	1.281828
0.084821	1.273425
0.084914	1.265095
0.085007	1.256838
0.085100	1.248654
0.085193	1.240541
0.085286	1.232499
0.085379	1.224527
0.085472	1.216625
0.085565	1.208791
0.085658	1.201025
0.085751	1.193326
0.085844	1.185693
0.085938	1.178125
0.086031	1.170622
0.086124	1.163184
0.086217	1.155809
0.086310	1.148497
0.086403	1.141247
0.086496	1.134058
0.086589	1.126930
0.086682	1.119862
0.086775	1.112853
0.086868	1.105904
0.086961	1.099012
0.087054	1.092178
0.087147	1.085401
0.087240	1.078681
0.087333	1.072016
0.087426	1.065407
0.087519	1.058852
0.087612	1.052351
0.087705	1.045904
0.087798	1.039510
0.087891	1.033168
0.087984	1.026878
0.088077	1.020639
0.088170	1.014451
0.088263	1.008314
0.088356	1.002226
0.088449	0.996187
0.088542	0.990197
0.088635	0.984255
0.088728	0.978362
0.088821	0.972515
0.088914	0.966715
0.089007	0.960961
0.089100	0.955253
0.089193	0.949591
0.089286	0.943974
0.089379	0.938401
0.089472	0.932872
0.089565	0.927386
0.089658	0.921944
0.089751	0.916545
0.089844	0.911188
0.089937	0.905873
0.090030	0.900599
0.090123	0.895367
0.090216	0.890175
0.090309	0.885023
0.090402	0.879911
0.090495	0.874839
0.090588	0.869806
0.090681	0.864811
0.090774	0.859855
0.090867	0.854937
0.090960	0.850056
0.091053	0.845213
0.091146	0.840406
0.091239	0.835637
0.091332	0.830903
0.091425	0.826205
0.091518	0.821543
0.091611	0.816916
0.091704	0.812323
0.091797	0.807766
0.091890	0.803242
0.091983	0.798752
0.092076	0.794296
0.092169	0.789873
0.092262	0.785483
0.092355	0.781125
0.092448	0.776800
0.092541	0.772507
0.092634	0.768245
0.092727	0.764015
0.092820	0.759815
0.092913	0.755647
0.093006	0.751509
0.093099	0.747402
0.093192	0.743324
0.093285	0.739276
0.093378	0.735258
0.093471	0.731269
0.093564	0.727308
0.093657	0.723377
0.093750	0.719473
0.093843	0.715598
0.093936	0.711751
0.094029	0.707931
0.094122	0.704138
0.094215	0.700373
0.094308	0.696634
0.094401	0.692922
0.094494	0.689237
0.094587	0.685578
0.094680	0.681944
0.094773	0.678336
0.094866	0.674754
0.094959	0.671197
0.095052	0.667665
0.095145	0.664157
0.095238	0.660675
0.095331	0.657216
0.095424	0.653782
0.095517	0.650372
0.095610	0.646985
0.095703	0.643622
0.095796	0.640282
0.095889	0.636966
0.095982	0.633672
0.096075	0.630401
0.096168	0.627152
0.096261	0.623926
0.096354	0.620722
0.096447	0.617540
0.096540	0.614379
0.096633	0.611240
0.096726	0.608122
0.096819	0.605026
0.096912	0.601950
0.097005	0.598896
0.097098	0.595862
0.097191	0.592848
0.097284	0.589855
0.097377	0.586882
0.097470	0.583929
0.097563	0.580996
0.097656	0.578082
0.097749	0.575188
0.097842	0.572313
0.097935	0.569457
0.098028	0.566620
0.098121	0.563802
0.098214	0.561003
0.098307	0.558222
0.098400	0.555460
0.098493	0.552715
0.098586	0.549989
0.098679	0.547281
0.098772	0.544590
0.098865	0.541917
0.098958	0.539261
0.099051	0.536623
0.099144	0.534002
0.099237	0.531398
0.099330	0.528811
0.099423	0.526241
0.099516	0.523687
0.099609	0.521150
0.099702	0.518629
0.099795	0.516124
0.099888	0.513635
0.099981	0.511163
0.100074	0.508706
0.100167	0.506265
0.100260	0.503839
0.100353	0.501429
0.100446	0.499035
0.100539	0.496655
0.100632	0.494290
0.100725	0.491941
0.100818	0.489606
0.100911	0.487286
0.101004	0.484981
0.101097	0.482690
0.101190	0.480414
0.101283	0.478152
0.101376	0.475904
0.101469	0.473670
0.101562	0.471450
0.101656	0.469244
0.101749	0.467052
0.101842	0.464873
0.101935	0.462707
0.102028	0.460556
0.102121	0.458417
0.102214	0.456292
0.102307	0.454179
0.102400	0.452080
0.102493	0.449994
0.102586	0.447920
0.102679	0.445859
0.102772	0.443811
0.102865	0.441775
0.102958	0.439751
0.103051	0.437740
0.103144	0.435741
0.103237	0.433755
0.103330	0.431780
0.103423	0.429817
0.103516	0.427866
0.103609	0.425927
0.103702	0.424000
0.103795	0.422084
0.103888	0.420179
0.103981	0.418286
0.104074	0.416405
0.104167	0.414534
0.104260	0.412675
0.104353	0.410827
0.104446	0.408989
0.104539	0.407163
0.104632	0.405348
0.104725	0.403543
0.104818	0.401749
0.104911	0.399965
0.105004	0.398192
0.105097	0.396430
0.105190	0.394678
0.105283	0.392936
0.105376	0.391204
0.105469	0.389483
0.105562	0.387771
0.105655	0.386070
0.105748	0.384378
0.105841	0.382696
0.105934	0.381024
0.106027	0.379362
0.106120	0.377709
0.106213	0.376066
0.106306	0.374433
0.106399	0.372808
0.106492	0.371193
0.106585	0.369588
0.106678	0.367991
0.106771	0.366404
0.106864	0.364826
0.106957	0.363257
0.107050	0.361697
0.107143	0.360146
0.107236	0.358603
0.107329	0.357069
0.107422	0.355545
0.107515	0.354028
0.107608	0.352520
0.107701	0.351021
0.107794	0.349530
0.107887	0.348048
0.107980	0.346574
0.108073	0.345108
0.108166	0.343651
0.108259	0.342201
0.108352	0.340760
0.108445	0.339327
0.108538	0.337902
0.108631	0.336484
0.108724	0.335075
0.108817	0.333674
0.108910	0.332280
0.109003	0.330894
0.109096	0.329515
0.109189	0.328145
0.109282	0.326781
0.109375	0.325426
0.109468	0.324077
0.109561	0.322737
0.109654	0.321403
0.109747	0.320077
0.109840	0.318758
0.109933	0.317446
0.110026	0.316142
0.110119	0.314844
0.110212	0.313554
0.110305	0.312271
0.110398	0.310994
0.110491	0.309725
0.110584	0.308462
0.110677	0.307206
0.110770	0.305957
0.110863	0.304715
0.110956	0.303480
0.111049	0.302251
0.111142	0.301028
0.111235	0.299812
0.111328	0.298603
0.111421	0.297400
0.111514	0.296204
0.111607	0.295014
0.111700	0.293830
0.111793	0.292653
0.111886	0.291482
0.111979	0.290317
0.112072	0.289158
0.112165	0.288006
0.112258	0.286859
0.112351	0.285719
0.112444	0.284584
0.112537	0.283456
0.112630	0.282333
0.112723	0.281216
0.112816	0.280106
0.112909	0.279001
0.113002	0.277901
0.113095	0.276808
0.113188	0.275720
0.113281	0.274638
0.113374	0.273562
0.113467	0.272491
0.113560	0.271425
0.113653	0.270366
0.113746	0.269311
0.113839	0.268262
0.113932	0.267219
0.114025	0.266181
0.114118	0.265148
0.114211	0.264121
0.114304	0.263098
0.114397	0.262082
0.114490	0.261070
0.114583	0.260063
0.114676	0.259062
0.114769	0.258066
0.114862	0.257075
0.114955	0.256088
0.115048	0.255107
0.115141	0.254131
0.115234	0.253160
0.115327	0.252194
0.115420	0.251232
0.115513	0.250276
0.115606	0.249324
0.115699	0.248377
0.115792	0.247435
0.115885	0.246497
0.115978	0.245565
0.116071	0.244637
0.116164	0.243713
0.116257	0.242794
0.116350	0.241880
0.116443	0.240971
0.116536	0.240066
0.116629	0.239165
0.116722	0.238269
0.116815	0.237377
0.116908	0.236490
0.117001	0.235607
0.117094	0.234729
0.117188	0.233855
0.117281	0.232985
0.117374	0.232119
0.117467	0.231258
0.117560	0.230401
0.117653	0.229548
0.117746	0.228699
0.117839	0.227855
0.117932	0.227015
0.118025	0.226178
0.118118	0.225346
0.118211	0.224518
0.118304	0.223694
0.118397	0.222874
0.118490	0.222058
0.118583	0.221246
0.118676	0.220438
0.118769	0.219633
0.118862	0.218833
0.118955	0.218036
0.119048	0.217244
0.119141	0.216455
0.119234	0.215670
0.119327	0.214888
0.119420	0.214111
0.119513	0.213337
0.119606	0.212567
0.119699	0.211800
0.119792	0.211038
0.119885	0.210279
0.119978	0.209523
0.120071	0.208771
0.120164	0.208023
0.120257	0.207278
0.120350	0.206537
0.120443	0.205799
0.120536	0.205065
0.120629	0.204334
0.120722	0.203607
0.120815	0.202883
0.120908	0.202162
0.121001	0.201445
0.121094	0.200731
0.121187	0.200021
0.121280	0.199314
0.121373	0.198610
0.121466	0.197910
0.121559	0.197213
0.121652	0.196519
0.121745	0.195828
0.121838	0.195141
0.121931	0.194456
0.122024	0.193775
0.122117	0.193097
0.122210	0.192423
0.122303	0.191751
0.122396	0.191082
0.122489	0.190417
0.122582	0.189755
0.122675	0.189095
0.122768	0.188439
0.122861	0.187786
0.122954	0.187135
0.123047	0.186488
0.123140	0.185844
0.123233	0.185202
0.123326	0.184564
0.123419	0.183928
0.123512	0.183296
0.123605	0.182666
0.123698	0.182039
0.123791	0.181415
0.123884	0.180794
0.123977	0.180176
0.124070	0.179560
0.124163	0.178947
0.124256	0.178337
0.124349	0.177730
0.124442	0.177125
0.124535	0.176524
0.124628	0.175925
0.124721	0.175328
0.124814	0.174734
0.124907	0.174143
0.125000	0.173555
0.125093	0.172969
0.125186	0.172386
0.125279	0.171806
0.125372	0.171228
0.125465	0.170652
0.125558	0.170080
0.125651	0.169509
0.125744	0.168942
0.125837	0.168376
0.125930	0.167814
0.126023	0.167253
0.126116	0.166696
0.126209	0.166141
0.126302	0.165588
0.126395	0.165037
0.126488	0.164489
0.126581	0.163944
0.126674	0.163401
0.126767	0.162860
0.126860	0.162322
0.126953	0.161786
0.127046	0.161252
0.127139	0.160721
0.127232	0.160192
0.127325	0.159665
0.127418	0.159141
0.127511	0.158618
0.127604	0.158099
0.127697	0.157581
0.127790	0.157066
0.127883	0.156553
0.127976	0.156042
0.128069	0.155533
0.128162	0.155027
0.128255	0.154522
0.128348	0.154020
0.128441	0.153520
0.128534	0.153022
0.128627	0.152527
0.128720	0.152033
0.128813	0.151542
0.128906	0.151053
0.128999	0.150565
0.129092	0.150080
0.129185	0.149597
0.129278	0.149116
0.129371	0.148637
0.129464	0.148160
0.129557	0.147685
0.129650	0.147213
0.129743	0.146742
0.129836	0.146273
0.129929	0.145806
0.130022	0.145341
0.130115	0.144878
0.130208	0.144417
0.130301	0.143958
0.130394	0.143501
0.130487	0.143046
0.130580	0.142593
0.130673	0.142141
0.130766	0.141692
0.130859	0.141245
0.130952	0.140799
0.131045	0.140355
0.131138	0.139913
0.131231	0.139473
0.131324	0.139035
0.131417	0.138598
0.131510	0.138164
0.131603	0.137731
0.131696	0.137300
0.131789	0.136871
0.131882	0.136443
0.131975	0.136017
0.132068	0.135594
0.132161	0.135171
0.132254	0.134751
0.132347	0.134332
0.132440	0.133915
0.132533	0.133500
0.132626	0.133087
0.132719	0.132675
0.132812	0.132265
0.132906	0.131856
0.132999	0.131449
0.133092	0.131044
0.133185	0.130641
0.133278	0.130239
0.133371	0.129839
0.133464	0.129440
0.133557	0.129043
0.133650	0.128648
0.133743	0.128254
0.133836	0.127862
0.133929	0.127472
0.134022	0.127083
0.134115	0.126696
0.134208	0.126310
0.134301	0.125926
0.134394	0.125543
0.134487	0.125162
0.134580	0.124782
0.134673	0.124404
0.134766	0.124028
0.134859	0.123653
0.134952	0.123279
0.135045	0.122907
0.135138	0.122537
0.135231	0.122167
0.135324	0.121800
0.135417	0.121434
0.135510	0.121069
0.135603	0.120706
0.135696	0.120344
0.135789	0.119984
0.135882	0.119625
0.135975	0.119268
0.136068	0.118912
0.136161	0.118557
0.136254	0.118204
0.136347	0.117852
0.136440	0.117502
0.136533	0.117153
0.136626	0.116805
0.136719	0.116459
0.136812	0.116114
0.136905	0.115770
0.136998	0.115428
0.137091	0.115087
0.137184	0.114748
0.137277	0.114409
0.137370	0.114073
0.137463	0.113737
0.137556	0.113403
0.137649	0.113070
0.137742	0.112738
0.137835	0.112408
0.137928	0.112079
0.138021	0.111751
0.138114	0.111425
0.138207	0.111099
0.138300	0.110775
0.138393	0.110453
0.138486	0.110131
0.138579	0.109811
0.138672	0.109492
0.138765	0.109174
0.138858	0.108858
0.138951	0.108542
0.139044	0.108228
0.139137	0.107915
0.139230	0.107604
0.139323	0.107293
0.139416	0.106984
0.139509	0.106676
0.139602	0.106369
0.139695	0.106063
0.139788	0.105759
0.139881	0.105455
0.139974	0.105153
0.140067	0.104852
0.140160	0.104552
0.140253	0.104253
0.140346	0.103955
0.140439	0.103659
0.140532	0.103363
0.140625	0.103069
0.140718	0.102776
0.140811	0.102484
0.140904	0.102193
0.140997	0.101903
0.141090	0.101614
0.141183	0.101326
0.141276	0.101040
0.141369	0.100754
0.141462	0.100470
0.141555	0.100186
0.141648	0.099904
0.141741	0.099623
0.141834	0.099343
0.141927	0.099063
0.142020	0.098785
0.142113	0.098508
0.142206	0.098232
0.142299	0.097957
0.142392	0.097683
0.142485	0.097410
0.142578	0.097138
0.142671	0.096867
0.142764	0.096597
0.142857	0.096328
0.142950	0.096060
0.143043	0.095793
0.143136	0.095527
0.143229	0.095262
0.143322	0.094998
0.143415	0.094735
0.143508	0.094473
0.143601	0.094212
0.143694	0.093952
0.143787	0.093693
0.143880	0.093435
0.143973	0.093177
0.144066	0.092921
0.144159	0.092666
0.144252	0.092411
0.144345	0.092158
0.144438	0.091905
0.144531	0.091653
0.144624	0.091403
0.144717	0.091153
0.144810	0.090904
0.144903	0.090656
0.144996	0.090409
0.145089	0.090162
0.145182	0.089917
0.145275	0.089673
0.145368	0.089429
0.145461	0.089186
0.145554	0.088945
0.145647	0.088704
0.145740	0.088464
0.145833	0.088224
0.145926	0.087986
0.146019	0.087749
0.146112	0.087512
0.146205	0.087276
0.146298	0.087041
0.146391	0.086807
0.146484	0.086574
0.146577	0.086342
0.146670	0.086110
0.146763	0.085879
0.146856	0.085649
0.146949	0.085420
0.147042	0.085192
0.147135	0.084965
0.147228	0.084738
0.147321	0.084512
0.147414	0.084287
0.147507	0.084063
0.147600	0.083839
0.147693	0.083617
0.147786	0.083395
0.147879	0.083174
0.147972	0.082953
0.148065	0.082734
0.148158	0.082515
0.148251	0.082297
0.148344	0.082080
0.148438	0.081863
0.148531	0.081648
0.148624	0.081433
0.148717	0.081219
0.148810	0.081005
0.148903	0.080793
0.148996	0.080581
0.149089	0.080369
0.149182	0.080159
0.149275	0.079949
0.149368	0.079740
0.149461	0.079532
0.149554	0.079325
0.149647	0.079118
0.149740	0.078912
0.149833	0.078706
0.149926	0.078502
0.150019	0.078298
0.150112	0.078095
0.150205	0.077892
0.150298	0.077690
0.150391	0.077489
0.150484	0.077289
0.150577	0.077089
0.150670	0.076890
0.150763	0.076691
0.150856	0.076494
0.150949	0.076297
0.151042	0.076100
0.151135	0.075905
0.151228	0.075710
0.151321	0.075516
0.151414	0.075322
0.151507	0.075129
0.151600	0.074937
0.151693	0.074745
0.151786	0.074554
0.151879	0.074364
0.151972	0.074174
0.152065	0.073985
0.152158	0.073796
0.152251	0.073609
0.152344	0.073422
0.152437	0.073235
0.152530	0.073049
0.152623	0.072864
0.152716	0.072679
0.152809	0.072495
0.152902	0.072312
0.152995	0.072129
0.153088	0.071947
0.153181	0.071766
0.153274	0.071585
0.153367	0.071405
0.153460	0.071225
0.153553	0.071046
0.153646	0.070867
0.153739	0.070689
0.153832	0.070512
0.153925	0.070336
0.154018	0.070159
0.154111	0.069984
0.154204	0.069809
0.154297	0.069635
0.154390	0.069461
0.154483	0.069288
0.154576	0.069115
0.154669	0.068943
0.154762	0.068772
0.154855	0.068601
0.154948	0.068431
0.155041	0.068261
0.155134	0.068092
0.155227	0.067923
0.155320	0.067755
0.155413	0.067588
0.155506	0.067421
0.155599	0.067254
0.155692	0.067089
0.155785	0.066923
0.155878	0.066759
0.155971	0.066594
0.156064	0.066431
0.156157	0.066268
0.156250	0.066105
0.156343	0.065943
0.156436	0.065782
0.156529	0.065621
0.156622	0.065460
0.156715	0.065300
0.156808	0.065141
0.156901	0.064982
0.156994	0.064824
0.157087	0.064666
0.157180	0.064508
0.157273	0.064352
0.157366	0.064195
0.157459	0.064039
0.157552	0.063884
0.157645	0.063729
0.157738	0.063575
0.157831	0.063421
0.157924	0.063268
0.158017	0.063115
0.158110	0.062963
0.158203	0.062811
0.158296	0.062660
0.158389	0.062509
0.158482	0.062359
0.158575	0.062209
0.158668	0.062060
0.158761	0.061911
0.158854	0.061762
0.158947	0.061614
0.159040	0.061467
0.159133	0.061320
0.159226	0.061173
0.159319	0.061027
0.159412	0.060882
0.159505	0.060737
0.159598	0.060592
0.159691	0.060448
0.159784	0.060304
0.159877	0.060161
0.159970	0.060018
0.160063	0.059876
0.160156	0.059734
0.160249	0.059593
0.160342	0.059452
0.160435	0.059311
0.160528	0.059171
0.160621	0.059031
0.160714	0.058892
0.160807	0.058753
0.160900	0.058615
0.160993	0.058477
0.161086	0.058340
0.161179	0.058203
0.161272	0.058066
0.161365	0.057930
0.161458	0.057794
0.161551	0.057659
0.161644	0.057524
0.161737	0.057390
0.161830	0.057255
0.161923	0.057122
0.162016	0.056989
0.162109	0.056856
0.162202	0.056724
0.162295	0.056592
0.162388	0.056460
0.162481	0.056329
0.162574	0.056198
0.162667	0.056068
0.162760	0.055938
0.162853	0.055809
0.162946	0.055680
0.163039	0.055551
0.163132	0.055423
0.163225	0.055295
0.163318	0.055167
0.163411	0.055040
0.163504	0.054913
0.163597	0.054787
0.163690	0.054661
0.163783	0.054536
0.163876	0.054411
0.163969	0.054286
0.164062	0.054161
0.164156	0.054037
0.164249	0.053914
0.164342	0.053791
0.164435	0.053668
0.164528	0.053545
0.164621	0.053423
0.164714	0.053301
0.164807	0.053180
0.164900	0.053059
0.164993	0.052939
0.165086	0.052818
0.165179	0.052699
0.165272	0.052579
0.165365	0.052460
0.165458	0.052341
0.165551	0.052223
0.165644	0.052105
0.165737	0.051987
0.165830	0.051870
0.165923	0.051753
0.166016	0.051636
0.166109	0.051520
0.166202	0.051404
0.166295	0.051288
0.166388	0.051173
0.166481	0.051058
0.166574	0.050944
0.166667	0.050830
0.166760	0.050716
0.166853	0.050602
0.166946	0.050489
0.167039	0.050376
0.167132	0.050264
0.167225	0.050152
0.167318	0.050040
0.167411	0.049929
0.167504	0.049818
0.167597	0.049707
0.167690	0.049596
0.167783	0.049486
0.167876	0.049377
0.167969	0.049267
0.168062	0.049158
0.168155	0.049049
0.168248	0.048941
0.168341	0.048833
0.168434	0.048725
0.168527	0.048617
0.168620	0.048510
0.168713	0.048403
0.168806	0.048297
0.168899	0.048190
0.168992	0.048085
0.169085	0.047979
0.169178	0.047874
0.169271	0.047769
0.169364	0.047664
0.169457	0.047560
0.169550	0.047456
0.169643	0.047352
0.169736	0.047248
0.169829	0.047145
0.169922	0.047043
0.170015	0.046940
0.170108	0.046838
0.170201	0.046736
0.170294	0.046634
0.170387	0.046533
0.170480	0.046432
0.170573	0.046331
0.170666	0.046231
0.170759	0.046131
0.170852	0.046031
0.170945	0.045931
0.171038	0.045832
0.171131	0.045733
0.171224	0.045634
0.171317	0.045536
0.171410	0.045438
0.171503	0.045340
0.171596	0.045243
0.171689	0.045145
0.171782	0.045048
0.171875	0.044952
0.171968	0.044855
0.172061	0.044759
0.172154	0.044663
0.172247	0.044568
0.172340	0.044473
0.172433	0.044378
0.172526	0.044283
0.172619	0.044188
0.172712	0.044094
0.172805	0.044000
0.172898	0.043907
0.172991	0.043813
0.173084	0.043720
0.173177	0.043627
0.173270	0.043535
0.173363	0.043442
0.173456	0.043350
0.173549	0.043259
0.173642	0.043167
0.173735	0.043076
0.173828	0.042985
0.173921	0.042894
0.174014	0.042804
0.174107	0.042713
0.174200	0.042623
0.174293	0.042534
0.174386	0.042444
0.174479	0.042355
0.174572	0.042266
0.174665	0.042178
0.174758	0.042089
0.174851	0.042001
0.174944	0.041913
0.175037	0.041825
0.175130	0.041738
0.175223	0.041651
0.175316	0.041564
0.175409	0.041477
0.175502	0.041391
0.175595	0.041305
0.175688	0.041219
0.175781	0.041133
0.175874	0.041047
0.175967	0.040962
0.176060	0.040877
0.176153	0.040792
0.176246	0.040708
0.176339	0.040624
0.176432	0.040540
0.176525	0.040456
0.176618	0.040372
0.176711	0.040289
0.176804	0.040206
0.176897	0.040123
0.176990	0.040040
0.177083	0.039958
0.177176	0.039876
0.177269	0.039794
0.177362	0.039712
0.177455	0.039631
0.177548	0.039549
0.177641	0.039468
0.177734	0.039388
0.177827	0.039307
0.177920	0.039227
0.178013	0.039147
0.178106	0.039067
0.178199	0.038987
0.178292	0.038908
0.178385	0.038828
0.178478	0.038749
0.178571	0.038670
0.178664	0.038592
0.178757	0.038514
0.178850	0.038435
0.178943	0.038357
0.179036	0.038280
0.179129	0.038202
0.179222	0.038125
0.179315	0.038048
0.179408	0.037971
0.179501	0.037894
0.179594	0.037818
0.179688	0.037742
0.179781	0.037666
0.179874	0.037590
0.179967	0.037514
0.180060	0.037439
0.180153	0.037364
0.180246	0.037289
0.180339	0.037214
0.180432	0.037139
0.180525	0.037065
0.180618	0.036991
0.180711	0.036917
0.180804	0.036843
0.180897	0.036769
0.180990	0.036696
0.181083	0.036623
0.181176	0.036550
0.181269	0.036477
0.181362	0.036405
0.181455	0.036332
0.181548	0.036260
0.181641	0.036188
0.181734	0.036116
0.181827	0.036045
0.181920	0.035973
0.182013	0.035902
0.182106	0.035831
0.182199	0.035760
0.182292	0.035690
0.182385	0.035619
0.182478	0.035549
0.182571	0.035479
0.182664	0.035409
0.182757	0.035339
0.182850	0.035270
0.182943	0.035200
0.183036	0.035131
0.183129	0.035062
0.183222	0.034994
0.183315	0.034925
0.183408	0.034857
0.183501	0.034788
0.183594	0.034720
0.183687	0.034653
0.183780	0.034585
0.183873	0.034517
0.183966	0.034450
0.184059	0.034383
0.184152	0.034316
0.184245	0.034249
0.184338	0.034183
0.184431	0.034116
0.184524	0.034050
0.184617	0.033984
0.184710	0.033918
0.184803	0.033852
0.184896	0.033787
0.184989	0.033721
0.185082	0.033656
0.185175	0.033591
0.185268	0.033526
0.185361	0.033462
0.185454	0.033397
0.185547	0.033333
0.185640	0.033269
0.185733	0.033205
0.185826	0.033141
0.185919	0.033077
0.186012	0.033014
0.186105	0.032951
0.186198	0.032887
0.186291	0.032824
0.186384	0.032762
0.186477	0.032699
0.186570	0.032636
0.186663	0.032574
0.186756	0.032512
0.186849	0.032450
0.186942	0.032388
0.187035	0.032326
0.187128	0.032265
0.187221	0.032203
0.187314	0.032142
0.187407	0.032081
0.187500	0.032020
0.187593	0.031960
0.187686	0.031899
0.187779	0.031839
0.187872	0.031778
0.187965	0.031718
0.188058	0.031658
0.188151	0.031599
0.188244	0.031539
0.188337	0.031480
0.188430	0.031420
0.188523	0.031361
0.188616	0.031302
0.188709	0.031243
0.188802	0.031184
0.188895	0.031126
0.188988	0.031067
0.189081	0.031009
0.189174	0.030951
0.189267	0.030893
0.189360	0.030835
0.189453	0.030778
0.189546	0.030720
0.189639	0.030663
0.189732	0.030606
0.189825	0.030549
0.189918	0.030492
0.190011	0.030435
0.190104	0.030378
0.190197	0.030322
0.190290	0.030265
0.190383	0.030209
0.190476	0.030153
0.190569	0.030097
0.190662	0.030041
0.190755	0.029986
0.190848	0.029930
0.190941	0.029875
0.191034	0.029820
0.191127	0.029765
0.191220	0.029710
0.191313	0.029655
0.191406	0.029600
0.191499	0.029546
0.191592	0.029492
0.191685	0.029437
0.191778	0.029383
0.191871	0.029329
0.191964	0.029275
0.192057	0.029222
0.192150	0.029168
0.192243	0.029115
0.192336	0.029062
0.192429	0.029008
0.192522	0.028955
0.192615	0.028902
0.192708	0.028850
0.192801	0.028797
0.192894	0.028745
0.192987	0.028692
0.193080	0.028640
0.193173	0.028588
0.193266	0.028536
0.193359	0.028484
0.193452	0.028433
0.193545	0.028381
0.193638	0.028330
0.193731	0.028278
0.193824	0.028227
0.193917	0.028176
0.194010	0.028125
0.194103	0.028074
0.194196	0.028024
0.194289	0.027973
0.194382	0.027923
0.194475	0.027872
0.194568	0.027822
0.194661	0.027772
0.194754	0.027722
0.194847	0.027672
0.194940	0.027623
0.195033	0.027573
0.195126	0.027524
0.195219	0.027475
0.195312	0.027425
0.195406	0.027376
0.195499	0.027327
0.195592	0.027279
0.195685	0.027230
0.195778	0.027181
0.195871	0.027133
0.195964	0.027084
0.196057	0.027036
0.196150	0.026988
0.196243	0.026940
0.196336	0.026892
0.196429	0.026845
0.196522	0.026797
0.196615	0.026749
0.196708	0.026702
0.196801	0.026655
0.196894	0.026608
0.196987	0.026561
0.197080	0.026514
0.197173	0.026467
0.197266	0.026420
0.197359	0.026374
0.197452	0.026327
0.197545	0.026281
0.197638	0.026234
0.197731	0.026188
0.197824	0.026142
0.197917	0.026096
0.198010	0.026051
0.198103	0.026005
0.198196	0.025959
0.198289	0.025914
0.198382	0.025869
0.198475	0.025823
0.198568	0.025778
0.198661	0.025733
0.198754	0.025688
0.198847	0.025643
0.198940	0.025599
0.199033	0.025554
0.199126	0.025510
0.199219	0.025465
0.199312	0.025421
0.199405	0.025377
0.199498	0.025333
0.199591	0.025289
0.199684	0.025245
0.199777	0.025201
0.199870	0.025158
0.199963	0.025114
0.200056	0.025071
0.200149	0.025027
0.200242	0.024984
0.200335	0.024941
0.200428	0.024898
0.200521	0.024855
0.200614	0.024812
0.200707	0.024770
0.200800	0.024727
0.200893	0.024685
0.200986	0.024642
0.201079	0.024600
0.201172	0.024558
0.201265	0.024516
0.201358	0.024474
0.201451	0.024432
0.201544	0.024390
0.201637	0.024348
0.201730	0.024307
0.201823	0.024265
0.201916	0.024224
0.202009	0.024183
0.202102	0.024141
0.202195	0.024100
0.202288	0.024059
0.202381	0.024018
0.202474	0.023978
0.202567	0.023937
0.202660	0.023896
0.202753	0.023856
0.202846	0.023815
0.202939	0.023775
0.203032	0.023735
0.203125	0.023695
0.203218	0.023655
0.203311	0.023615
0.203404	0.023575
0.203497	0.023535
0.203590	0.023495
0.203683	0.023456
0.203776	0.023416
0.203869	0.023377
0.203962	0.023338
0.204055	0.023298
0.204148	0.023259
0.204241	0.023220
0.204334	0.023181
0.204427	0.023142
0.204520	0.023104
0.204613	0.023065
0.204706	0.023026
0.204799	0.022988
0.204892	0.022950
0.204985	0.022911
0.205078	0.022873
0.205171	0.022835
0.205264	0.022797
0.205357	0.022759
0.205450	0.022721
0.205543	0.022683
0.205636	0.022646
0.205729	0.022608
0.205822	0.022571
0.205915	0.022533
0.206008	0.022496
0.206101	0.022459
0.206194	0.022422
0.206287	0.022384
0.206380	0.022347
0.206473	0.022311
0.206566	0.022274
0.206659	0.022237
0.206752	0.022200
0.206845	0.022164
0.206938	0.022127
0.207031	0.022091
0.207124	0.022055
0.207217	0.022018
0.207310	0.021982
0.207403	0.021946
0.207496	0.021910
0.207589	0.021874
0.207682	0.021839
0.207775	0.021803
0.207868	0.021767
0.207961	0.021732
0.208054	0.021696
0.208147	0.021661
0.208240	0.021625
0.208333	0.021590
0.208426	0.021555
0.208519	0.021520
0.208612	0.021485
0.208705	0.021450
0.208798	0.021415
0.208891	0.021381
0.208984	0.021346
0.209077	0.021311
0.209170	0.021277
0.209263	0.021242
0.209356	0.021208
0.209449	0.021174
0.209542	0.021139
0.209635	0.021105
0.209728	0.021071
0.209821	0.021037
0.209914	0.021003
0.210007	0.020970
0.210100	0.020936
0.210193	0.020902
0.210286	0.020869
0.210379	0.020835
0.210472	0.020802
0.210565	0.020768
0.210658	0.020735
0.210751	0.020702
0.210844	0.020669
0.210938	0.020636
0.211031	0.020603
0.211124	0.020570
0.211217	0.020537
0.211310	0.020504
0.211403	0.020471
0.211496	0.020439
0.211589	0.020406
0.211682	0.020374
0.211775	0.020341
0.211868	0.020309
0.211961	0.020277
0.212054	0.020244
0.212147	0.020212
0.212240	0.020180
0.212333	0.020148
0.212426	0.020116
0.212519	0.020085
0.212612	0.020053
0.212705	0.020021
0.212798	0.019990
0.212891	0.019958
0.212984	0.019927
0.213077	0.019895
0.213170	0.019864
0.213263	0.019833
0.213356	0.019801
0.213449	0.019770
0.213542	0.019739
0.213635	0.019708
0.213728	0.019677
0.213821	0.019646
0.213914	0.019616
0.214007	0.019585
0.214100	0.019554
0.214193	0.019524
0.214286	0.019493
0.214379	0.019463
0.214472	0.019432
0.214565	0.019402
0.214658	0.019372
0.214751	0.019342
0.214844	0.019312
0.214937	0.019281
0.215030	0.019252
0.215123	0.019222
0.215216	0.019192
0.215309	0.019162
0.215402	0.019132
0.215495	0.019103
0.215588	0.019073
0.215681	0.019044
0.215774	0.019014
0.215867	0.018985
0.215960	0.018955
0.216053	0.018926
0.216146	0.018897
0.216239	0.018868
0.216332	0.018839
0.216425	0.018810
0.216518	0.018781
0.216611	0.018752
0.216704	0.018723
0.216797	0.018694
0.216890	0.018666
0.216983	0.018637
0.217076	0.018608
0.217169	0.018580
0.217262	0.018551
0.217355	0.018523
0.217448	0.018495
0.217541	0.018467
0.217634	0.018438
0.217727	0.018410
0.217820	0.018382
0.217913	0.018354
0.218006	0.018326
0.218099	0.018298
0.218192	0.018270
0.218285	0.018243
0.218378	0.018215
0.218471	0.018187
0.218564	0.018160
0.218657	0.018132
0.218750	0.018105
0.218843	0.018077
0.218936	0.018050
0.219029	0.018023
0.219122	0.017995
0.219215	0.017968
0.219308	0.017941
0.219401	0.017914
0.219494	0.017887
0.219587	0.017860
0.219680	0.017833
0.219773	0.017806
0.219866	0.017780
0.219959	0.017753
0.220052	0.017726
0.220145	0.017700
0.220238	0.017673
0.220331	0.017647
0.220424	0.017620
0.220517	0.017594
0.220610	0.017567
0.220703	0.017541
0.220796	0.017515
0.220889	0.017489
0.220982	0.017463
0.221075	0.017437
0.221168	0.017411
0.221261	0.017385
0.221354	0.017359
0.221447	0.017333
0.221540	0.017307
0.221633	0.017282
0.221726	0.017256
0.221819	0.017230
0.221912	0.017205
0.222005	0.017179
0.222098	0.017154
0.222191	0.017129
0.222284	0.017103
0.222377	0.017078
0.222470	0.017053
0.222563	0.017028
0.222656	0.017002
0.222749	0.016977
0.222842	0.016952
0.222935	0.016927
0.223028	0.016902
0.223121	0.016878
0.223214	0.016853
0.223307	0.016828
0.223400	0.016803
0.223493	0.016779
0.223586	0.016754
0.223679	0.016730
0.223772	0.016705
0.223865	0.016681
0.223958	0.016656
0.224051	0.016632
0.224144	0.016608
0.224237	0.016583
0.224330	0.016559
0.224423	0.016535
0.224516	0.016511
0.224609	0.016487
0.224702	0.016463
0.224795	0.016439
0.224888	0.016415
0.224981	0.016391
0.225074	0.016368
0.225167	0.016344
0.225260	0.016320
0.225353	0.016297
0.225446	0.016273
0.225539	0.016249
0.225632	0.016226
0.225725	0.016202
0.225818	0.016179
0.225911	0.016156
0.226004	0.016132
0.226097	0.016109
0.226190	0.016086
0.226283	0.016063
0.226376	0.016040
0.226469	0.016017
0.226562	0.015994
0.226656	0.015971
0.226749	0.015948
0.226842	0.015925
0.226935	0.015902
0.227028	0.015879
0.227121	0.015857
0.227214	0.015834
0.227307	0.015811
0.227400	0.015789
0.227493	0.015766
0.227586	0.015744
0.227679	0.015721
0.227772	0.015699
0.227865	0.015677
0.227958	0.015654
0.228051	0.015632
0.228144	0.015610
0.228237	0.015588
0.228330	0.015566
0.228423	0.015543
0.228516	0.015521
0.228609	0.015499
0.228702	0.015477
0.228795	0.015456
0.228888	0.015434
0.228981	0.015412
0.229074	0.015390
0.229167	0.015368
0.229260	0.015347
0.229353	0.015325
0.229446	0.015304
0.229539	0.015282
0.229632	0.015261
0.229725	0.015239
0.229818	0.015218
0.229911	0.015196
0.230004	0.015175
0.230097	0.015154
0.230190	0.015132
0.230283	0.015111
0.230376	0.015090
0.230469	0.015069
0.230562	0.015048
0.230655	0.015027
0.230748	0.015006
0.230841	0.014985
0.230934	0.014964
0.231027	0.014943
0.231120	0.014922
0.231213	0.014902
0.231306	0.014881
0.231399	0.014860
0.231492	0.014840
0.231585	0.014819
0.231678	0.014798
0.231771	0.014778
0.231864	0.014757
0.231957	0.014737
0.232050	0.014717
0.232143	0.014696
0.232236	0.014676
0.232329	0.014656
0.232422	0.014635
0.232515	0.014615
0.232608	0.014595
0.232701	0.014575
0.232794	0.014555
0.232887	0.014535
0.232980	0.014515
0.233073	0.014495
0.233166	0.014475
0.233259	0.014455
0.233352	0.014435
0.233445	0.014415
0.233538	0.014396
0.233631	0.014376
0.233724	0.014356
0.233817	0.014337
0.233910	0.014317
0.234003	0.014298
0.234096	0.014278
0.234189	0.014259
0.234282	0.014239
0.234375	0.014220
0.234468	0.014200
0.234561	0.014181
0.234654	0.014162
0.234747	0.014143
0.234840	0.014123
0.234933	0.014104
0.235026	0.014085
0.235119	0.014066
0.235212	0.014047
0.235305	0.014028
0.235398	0.014009
0.235491	0.013990
0.235584	0.013971
0.235677	0.013952
0.235770	0.013933
0.235863	0.013914
0.235956	0.013896
0.236049	0.013877
0.236142	0.013858
0.236235	0.013840
0.236328	0.013821
0.236421	0.013802
0.236514	0.013784
0.236607	0.013765
0.236700	0.013747
0.236793	0.013729
0.236886	0.013710
0.236979	0.013692
0.237072	0.013673
0.237165	0.013655
0.237258	0.013637
0.237351	0.013619
0.237444	0.013601
0.237537	0.013582
0.237630	0.013564
0.237723	0.013546
0.237816	0.013528
0.237909	0.013510
0.238002	0.013492
0.238095	0.013474
0.238188	0.013456
0.238281	0.013438
0.238374	0.013421
0.238467	0.013403
0.238560	0.013385
0.238653	0.013367
0.238746	0.013350
0.238839	0.013332
0.238932	0.013314
0.239025	0.013297
0.239118	0.013279
0.239211	0.013262
0.239304	0.013244
0.239397	0.013227
0.239490	0.013209
0.239583	0.013192
0.239676	0.013175
0.239769	0.013157
0.239862	0.013140
0.239955	0.013123
0.240048	0.013106
0.240141	0.013088
0.240234	0.013071
0.240327	0.013054
0.240420	0.013037
0.240513	0.013020
0.240606	0.013003
0.240699	0.012986
0.240792	0.012969
0.240885	0.012952
0.240978	0.012935
0.241071	0.012918
0.241164	0.012902
0.241257	0.012885
0.241350	0.012868
0.241443	0.012851
0.241536	0.012835
0.241629	0.012818
0.241722	0.012801
0.241815	0.012785
0.241908	0.012768
0.242001	0.012752
0.242094	0.012735
0.242188	0.012719
0.242281	0.012702
0.242374	0.012686
0.242467	0.012669
0.242560	0.012653
0.242653	0.012637
0.242746	0.012620
0.242839	0.012604
0.242932	0.012588
0.243025	0.012572
0.243118	0.012556
0.243211	0.012540
0.243304	0.012523
0.243397	0.012507
0.243490	0.012491
0.243583	0.012475
0.243676	0.012459
0.243769	0.012443
0.243862	0.012427
0.243955	0.012412
0.244048	0.012396
0.244141	0.012380
0.244234	0.012364
0.244327	0.012348
0.244420	0.012333
0.244513	0.012317
0.244606	0.012301
0.244699	0.012286
0.244792	0.012270
0.244885	0.012254
0.244978	0.012239
0.245071	0.012223
0.245164	0.012208
0.245257	0.012192
0.245350	0.012177
0.245443	0.012161
0.245536	0.012146
0.245629	0.012131
0.245722	0.012115
0.245815	0.012100
0.245908	0.012085
0.246001	0.012070
0.246094	0.012054
0.246187	0.012039
0.246280	0.012024
0.246373	0.012009
0.246466	0.011994
0.246559	0.011979
0.246652	0.011964
0.246745	0.011949
0.246838	0.011934
0.246931	0.011919
0.247024	0.011904
0.247117	0.011889
0.247210	0.011874
0.247303	0.011859
0.247396	0.011844
0.247489	0.011830
0.247582	0.011815
0.247675	0.011800
0.247768	0.011785
0.247861	0.011771
0.247954	0.011756
0.248047	0.011741
0.248140	0.011727
0.248233	0.011712
0.248326	0.011698
0.248419	0.011683
0.248512	0.011669
0.248605	0.011654
0.248698	0.011640
0.248791	0.011625
0.248884	0.011611
0.248977	0.011597
0.249070	0.011582
0.249163	0.011568
0.249256	0.011554
0.249349	0.011539
0.249442	0.011525
0.249535	0.011511
0.249628	0.011497
0.249721	0.011483
0.249814	0.011469
0.249907	0.011455
